 #
 # Subroutine ELSEPA. Elastic scattering of electrons and positrons
 #                    by neutral atoms and positive ions
 #
 # Projectile: electron
 # Kinetic energy = 3.70000E+06 eV = 1.35973E+05 a.u.
 #
 # WARNING: High-energy factorization with free-atom DF screening.
 #          Absorption, polarization and exchange corrections are
 #          switched off.
 #          Phase shifts are calculated for the bare nucleus.
 #          Scattering amplitudes are not evaluated.
 #
 # Element:  C,  Z =   6,  atomic weight = 1.20107E+01 g/mol
 #
 # Nuclear model: Fermi distribution
 #                Average radius = 2.45042E-13 cm
 #                Skin thickness = 5.46000E-14 cm
 #
 # Number of electrons =  6
 #
 # Total elastic cross section = 2.44902E-19 cm**2 = 8.74560E-03 a0**2
 # 1st transport cross section = 3.25939E-24 cm**2 = 1.16395E-07 a0**2
 # 2nd transport cross section = 9.34414E-24 cm**2 = 3.33685E-07 a0**2
 #
 #
 # Differential cross section:                       MU=(1-COS(THETA))/2
 #
 #  THETA        MU          DCS          DCS        Sherman      error
 #  (deg)                 (cm**2/sr)   (a0**2/sr)    function
 #----------------------------------------------------------------------
  0.000E+00  0.00000E+00  4.16471E-14  1.48725E+03  0.00000E+00  1.0E-05
  1.000E-04  7.61557E-13  4.16470E-14  1.48724E+03  0.00000E+00  1.0E-05
  1.250E-04  1.18994E-12  4.16469E-14  1.48724E+03  0.00000E+00  1.0E-05
  1.500E-04  1.71346E-12  4.16469E-14  1.48724E+03  0.00000E+00  1.0E-05
  1.750E-04  2.33225E-12  4.16468E-14  1.48723E+03  0.00000E+00  1.0E-05
  2.000E-04  3.04617E-12  4.16466E-14  1.48723E+03  0.00000E+00  1.0E-05
  2.250E-04  3.85530E-12  4.16465E-14  1.48722E+03  0.00000E+00  1.0E-05
  2.500E-04  4.75964E-12  4.16464E-14  1.48722E+03  0.00000E+00  1.0E-05
  2.750E-04  5.75917E-12  4.16462E-14  1.48721E+03  0.00000E+00  1.0E-05
  3.000E-04  6.85391E-12  4.16460E-14  1.48721E+03  0.00000E+00  1.0E-05
  3.250E-04  8.04379E-12  4.16458E-14  1.48720E+03  0.00000E+00  1.0E-05
  3.500E-04  9.32893E-12  4.16456E-14  1.48719E+03  0.00000E+00  1.0E-05
  3.750E-04  1.07092E-11  4.16454E-14  1.48718E+03  0.00000E+00  1.0E-05
  4.000E-04  1.21847E-11  4.16452E-14  1.48718E+03  0.00000E+00  1.0E-05
  4.250E-04  1.37554E-11  4.16449E-14  1.48717E+03  0.00000E+00  1.0E-05
  4.500E-04  1.54213E-11  4.16447E-14  1.48716E+03  0.00000E+00  1.0E-05
  4.750E-04  1.71823E-11  4.16444E-14  1.48715E+03  0.00000E+00  1.0E-05
  5.000E-04  1.90386E-11  4.16441E-14  1.48714E+03  0.00000E+00  1.0E-05
  5.250E-04  2.09900E-11  4.16438E-14  1.48713E+03  0.00000E+00  1.0E-05
  5.500E-04  2.30367E-11  4.16434E-14  1.48711E+03  0.00000E+00  1.0E-05
  5.750E-04  2.51785E-11  4.16431E-14  1.48710E+03  0.00000E+00  1.0E-05
  6.000E-04  2.74156E-11  4.16427E-14  1.48709E+03  0.00000E+00  1.0E-05
  6.250E-04  2.97478E-11  4.16424E-14  1.48708E+03  0.00000E+00  1.0E-05
  6.500E-04  3.21752E-11  4.16420E-14  1.48706E+03  0.00000E+00  1.0E-05
  6.750E-04  3.46979E-11  4.16416E-14  1.48705E+03  0.00000E+00  1.0E-05
  7.000E-04  3.73157E-11  4.16412E-14  1.48703E+03  0.00000E+00  1.0E-05
  7.250E-04  4.00286E-11  4.16407E-14  1.48702E+03  0.00000E+00  1.0E-05
  7.500E-04  4.28368E-11  4.16403E-14  1.48700E+03  0.00000E+00  1.0E-05
  7.750E-04  4.57402E-11  4.16398E-14  1.48699E+03  0.00000E+00  1.0E-05
  8.000E-04  4.87388E-11  4.16393E-14  1.48697E+03  0.00000E+00  1.0E-05
  8.250E-04  5.18325E-11  4.16389E-14  1.48695E+03  0.00000E+00  1.0E-05
  8.500E-04  5.50215E-11  4.16383E-14  1.48693E+03  0.00000E+00  1.0E-05
  8.750E-04  5.83057E-11  4.16378E-14  1.48691E+03  0.00000E+00  1.0E-05
  9.000E-04  6.16850E-11  4.16373E-14  1.48689E+03  0.00000E+00  1.0E-05
  9.250E-04  6.51595E-11  4.16367E-14  1.48687E+03  0.00000E+00  1.0E-05
  9.500E-04  6.87293E-11  4.16362E-14  1.48685E+03  0.00000E+00  1.0E-05
  9.750E-04  7.23943E-11  4.16356E-14  1.48683E+03  0.00000E+00  1.0E-05
  1.000E-03  7.61544E-11  4.16350E-14  1.48681E+03  0.00000E+00  1.0E-05
  1.250E-03  1.18991E-10  4.16282E-14  1.48657E+03  0.00000E+00  1.0E-05
  1.500E-03  1.71347E-10  4.16199E-14  1.48627E+03  0.00000E+00  1.0E-05
  1.750E-03  2.33223E-10  4.16101E-14  1.48592E+03  0.00000E+00  1.0E-05
  2.000E-03  3.04617E-10  4.15987E-14  1.48552E+03  0.00000E+00  1.0E-05
  2.250E-03  3.85531E-10  4.15859E-14  1.48506E+03  0.00000E+00  1.0E-05
  2.500E-03  4.75965E-10  4.15716E-14  1.48455E+03  0.00000E+00  1.0E-05
  2.750E-03  5.75917E-10  4.15558E-14  1.48398E+03  0.00000E+00  1.0E-05
  3.000E-03  6.85389E-10  4.15385E-14  1.48337E+03  0.00000E+00  1.0E-05
  3.250E-03  8.04380E-10  4.15197E-14  1.48269E+03  0.00000E+00  1.0E-05
  3.500E-03  9.32891E-10  4.14994E-14  1.48197E+03  0.00000E+00  1.0E-05
  3.750E-03  1.07092E-09  4.14776E-14  1.48119E+03  0.00000E+00  1.0E-05
  4.000E-03  1.21847E-09  4.14543E-14  1.48036E+03  0.00000E+00  1.0E-05
  4.250E-03  1.37554E-09  4.14296E-14  1.47948E+03  0.00000E+00  1.0E-05
  4.500E-03  1.54213E-09  4.14034E-14  1.47854E+03  0.00000E+00  1.0E-05
  4.750E-03  1.71823E-09  4.13757E-14  1.47755E+03  0.00000E+00  1.0E-05
  5.000E-03  1.90386E-09  4.13466E-14  1.47651E+03  0.00000E+00  1.0E-05
  5.250E-03  2.09900E-09  4.13159E-14  1.47542E+03  0.00000E+00  1.0E-05
  5.500E-03  2.30367E-09  4.12838E-14  1.47427E+03  0.00000E+00  1.0E-05
  5.750E-03  2.51785E-09  4.12503E-14  1.47308E+03  0.00000E+00  1.0E-05
  6.000E-03  2.74156E-09  4.12154E-14  1.47183E+03  0.00000E+00  1.0E-05
  6.250E-03  2.97478E-09  4.11789E-14  1.47053E+03  0.00000E+00  1.0E-05
  6.500E-03  3.21752E-09  4.11411E-14  1.46917E+03  0.00000E+00  1.0E-05
  6.750E-03  3.46978E-09  4.11019E-14  1.46777E+03  0.00000E+00  1.0E-05
  7.000E-03  3.73156E-09  4.10611E-14  1.46632E+03  0.00000E+00  1.0E-05
  7.250E-03  4.00286E-09  4.10189E-14  1.46481E+03  0.00000E+00  1.0E-05
  7.500E-03  4.28368E-09  4.09754E-14  1.46326E+03  0.00000E+00  1.0E-05
  7.750E-03  4.57402E-09  4.09305E-14  1.46166E+03  0.00000E+00  1.0E-05
  8.000E-03  4.87388E-09  4.08841E-14  1.46000E+03  0.00000E+00  1.0E-05
  8.250E-03  5.18326E-09  4.08364E-14  1.45829E+03  0.00000E+00  1.0E-05
  8.500E-03  5.50215E-09  4.07874E-14  1.45654E+03  0.00000E+00  1.0E-05
  8.750E-03  5.83057E-09  4.07367E-14  1.45474E+03  0.00000E+00  1.0E-05
  9.000E-03  6.16850E-09  4.06849E-14  1.45288E+03  0.00000E+00  1.0E-05
  9.250E-03  6.51596E-09  4.06317E-14  1.45098E+03  0.00000E+00  1.0E-05
  9.500E-03  6.87293E-09  4.05771E-14  1.44903E+03  0.00000E+00  1.0E-05
  9.750E-03  7.23942E-09  4.05211E-14  1.44703E+03  0.00000E+00  1.0E-05
  1.000E-02  7.61544E-09  4.04638E-14  1.44499E+03  0.00000E+00  1.0E-05
  1.250E-02  1.18991E-08  3.98193E-14  1.42197E+03  0.00000E+00  1.0E-05
  1.500E-02  1.71347E-08  3.90512E-14  1.39454E+03  0.00000E+00  1.0E-05
  1.750E-02  2.33223E-08  3.81703E-14  1.36309E+03  0.00000E+00  1.0E-05
  2.000E-02  3.04617E-08  3.71885E-14  1.32802E+03  0.00000E+00  1.0E-05
  2.250E-02  3.85531E-08  3.61185E-14  1.28981E+03  0.00000E+00  1.0E-05
  2.500E-02  4.75965E-08  3.49736E-14  1.24893E+03  0.00000E+00  1.0E-05
  2.750E-02  5.75917E-08  3.37671E-14  1.20584E+03  0.00000E+00  1.0E-05
  3.000E-02  6.85389E-08  3.25122E-14  1.16103E+03  0.00000E+00  1.0E-05
  3.250E-02  8.04380E-08  3.12219E-14  1.11495E+03  0.00000E+00  1.0E-05
  3.500E-02  9.32891E-08  2.98680E-14  1.06660E+03  0.00000E+00  1.0E-05
  3.750E-02  1.07092E-07  2.84886E-14  1.01735E+03  0.00000E+00  1.0E-05
  4.000E-02  1.21847E-07  2.71767E-14  9.70497E+02  0.00000E+00  1.0E-05
  4.250E-02  1.37554E-07  2.59360E-14  9.26192E+02  0.00000E+00  1.0E-05
  4.500E-02  1.54213E-07  2.45587E-14  8.77009E+02  0.00000E+00  1.0E-05
  4.750E-02  1.71823E-07  2.32707E-14  8.31012E+02  0.00000E+00  1.0E-05
  5.000E-02  1.90386E-07  2.20716E-14  7.88193E+02  0.00000E+00  1.0E-05
  5.250E-02  2.09900E-07  2.08490E-14  7.44532E+02  0.00000E+00  1.0E-05
  5.500E-02  2.30367E-07  1.96464E-14  7.01585E+02  0.00000E+00  1.0E-05
  5.750E-02  2.51785E-07  1.85378E-14  6.61997E+02  0.00000E+00  1.0E-05
  6.000E-02  2.74156E-07  1.74890E-14  6.24545E+02  0.00000E+00  1.0E-05
  6.250E-02  2.97478E-07  1.64100E-14  5.86010E+02  0.00000E+00  1.0E-05
  6.500E-02  3.21752E-07  1.54211E-14  5.50697E+02  0.00000E+00  1.0E-05
  6.750E-02  3.46978E-07  1.45148E-14  5.18335E+02  0.00000E+00  1.0E-05
  7.000E-02  3.73156E-07  1.36007E-14  4.85690E+02  0.00000E+00  1.0E-05
  7.250E-02  4.00286E-07  1.27433E-14  4.55073E+02  0.00000E+00  1.0E-05
  7.500E-02  4.28368E-07  1.19596E-14  4.27085E+02  0.00000E+00  1.0E-05
  7.750E-02  4.57402E-07  1.12133E-14  4.00433E+02  0.00000E+00  1.0E-05
  8.000E-02  4.87388E-07  1.04862E-14  3.74469E+02  0.00000E+00  1.0E-05
  8.250E-02  5.18325E-07  9.82212E-15  3.50754E+02  0.00000E+00  1.0E-05
  8.500E-02  5.50215E-07  9.21496E-15  3.29072E+02  0.00000E+00  1.0E-05
  8.750E-02  5.83057E-07  8.60968E-15  3.07457E+02  0.00000E+00  1.0E-05
  9.000E-02  6.16850E-07  8.05571E-15  2.87675E+02  0.00000E+00  1.0E-05
  9.250E-02  6.51596E-07  7.54897E-15  2.69578E+02  0.00000E+00  1.0E-05
  9.500E-02  6.87293E-07  7.06495E-15  2.52294E+02  0.00000E+00  1.0E-05
  9.750E-02  7.23942E-07  6.60810E-15  2.35979E+02  0.00000E+00  1.0E-05
  1.000E-01  7.61543E-07  6.18968E-15  2.21038E+02  0.00000E+00  1.0E-05
  1.250E-01  1.18991E-06  3.25487E-15  1.16234E+02  0.00000E+00  1.0E-05
  1.500E-01  1.71347E-06  1.79099E-15  6.39575E+01  0.00000E+00  1.0E-05
  1.750E-01  2.33223E-06  1.04282E-15  3.72396E+01  0.00000E+00  1.0E-05
  2.000E-01  3.04617E-06  6.41480E-16  2.29077E+01  0.00000E+00  1.0E-05
  2.250E-01  3.85531E-06  4.15962E-16  1.48543E+01  0.00000E+00  1.0E-05
  2.500E-01  4.75964E-06  2.82460E-16  1.00868E+01  0.00000E+00  1.0E-05
  2.750E-01  5.75916E-06  1.99297E-16  7.11703E+00  0.00000E+00  1.0E-05
  3.000E-01  6.85388E-06  1.45321E-16  5.18952E+00  0.00000E+00  1.0E-05
  3.250E-01  8.04378E-06  1.08964E-16  3.89117E+00  0.00000E+00  1.0E-05
  3.500E-01  9.32888E-06  8.35666E-17  2.98422E+00  0.00000E+00  1.0E-05
  3.750E-01  1.07092E-05  6.53671E-17  2.33430E+00  0.00000E+00  1.0E-05
  4.000E-01  1.21846E-05  5.19648E-17  1.85570E+00  0.00000E+00  1.0E-05
  4.250E-01  1.37553E-05  4.18963E-17  1.49614E+00  0.00000E+00  1.0E-05
  4.500E-01  1.54212E-05  3.42007E-17  1.22133E+00  0.00000E+00  1.0E-05
  4.750E-01  1.71822E-05  2.82208E-17  1.00778E+00  0.00000E+00  1.0E-05
  5.000E-01  1.90385E-05  2.34684E-17  8.38072E-01  0.00000E+00  1.0E-05
  5.250E-01  2.09899E-05  1.97042E-17  7.03648E-01  0.00000E+00  1.0E-05
  5.500E-01  2.30365E-05  1.66753E-17  5.95486E-01  0.00000E+00  1.0E-05
  5.750E-01  2.51783E-05  1.42070E-17  5.07341E-01  0.00000E+00  1.0E-05
  6.000E-01  2.74153E-05  1.21721E-17  4.34672E-01  0.00000E+00  1.0E-05
  6.250E-01  2.97475E-05  1.04875E-17  3.74516E-01  0.00000E+00  1.0E-05
  6.500E-01  3.21749E-05  9.08258E-18  3.24345E-01  0.00000E+00  1.0E-05
  6.750E-01  3.46974E-05  7.90026E-18  2.82123E-01  0.00000E+00  1.0E-05
  7.000E-01  3.73152E-05  6.90175E-18  2.46466E-01  0.00000E+00  1.0E-05
  7.250E-01  4.00281E-05  6.05603E-18  2.16265E-01  0.00000E+00  1.0E-05
  7.500E-01  4.28362E-05  5.33605E-18  1.90554E-01  0.00000E+00  1.0E-05
  7.750E-01  4.57395E-05  4.71805E-18  1.68485E-01  0.00000E+00  1.0E-05
  8.000E-01  4.87380E-05  4.18673E-18  1.49511E-01  0.00000E+00  1.0E-05
  8.250E-01  5.18317E-05  3.72778E-18  1.33121E-01  0.00000E+00  1.0E-05
  8.500E-01  5.50205E-05  3.32931E-18  1.18892E-01  0.00000E+00  1.0E-05
  8.750E-01  5.83045E-05  2.98124E-18  1.06462E-01  0.00000E+00  1.0E-05
  9.000E-01  6.16838E-05  2.67703E-18  9.55986E-02  0.00000E+00  1.0E-05
  9.250E-01  6.51582E-05  2.41027E-18  8.60724E-02  0.00000E+00  1.0E-05
  9.500E-01  6.87277E-05  2.17553E-18  7.76894E-02  0.00000E+00  1.0E-05
  9.750E-01  7.23925E-05  1.96834E-18  7.02907E-02  0.00000E+00  1.0E-05
  1.000E+00  7.61524E-05  1.78520E-18  6.37508E-02  0.00000E+00  1.7E-04
  1.100E+00  9.21439E-05  1.23408E-18  4.40698E-02  0.00000E+00  1.3E-04
  1.200E+00  1.09658E-04  8.78592E-19  3.13751E-02  0.00000E+00  7.5E-05
  1.300E+00  1.28695E-04  6.41912E-19  2.29231E-02  0.00000E+00  2.0E-05
  1.400E+00  1.49255E-04  4.79453E-19  1.71216E-02  0.00000E+00  2.3E-05
  1.500E+00  1.71338E-04  3.65075E-19  1.30371E-02  0.00000E+00  4.7E-05
  1.600E+00  1.94942E-04  2.82793E-19  1.00987E-02  0.00000E+00  5.2E-05
  1.700E+00  2.20070E-04  2.22342E-19  7.93998E-03  0.00000E+00  4.4E-05
  1.800E+00  2.46720E-04  1.77203E-19  6.32802E-03  0.00000E+00  2.7E-05
  1.900E+00  2.74892E-04  1.42923E-19  5.10389E-03  0.00000E+00  7.3E-06
  2.000E+00  3.04586E-04  1.16536E-19  4.16158E-03  0.00000E+00  1.0E-05
  2.100E+00  3.35803E-04  9.59611E-20  3.42683E-03  0.00000E+00  2.1E-05
  2.200E+00  3.68542E-04  7.97226E-20  2.84695E-03  0.00000E+00  2.4E-05
  2.300E+00  4.02802E-04  6.67797E-20  2.38475E-03  0.00000E+00  2.0E-05
  2.400E+00  4.38585E-04  5.63539E-20  2.01243E-03  0.00000E+00  1.3E-05
  2.500E+00  4.75889E-04  4.78862E-20  1.71005E-03  0.00000E+00  3.4E-06
  2.600E+00  5.14715E-04  4.09494E-20  1.46233E-03  0.00000E+00  5.5E-06
  2.700E+00  5.55063E-04  3.52232E-20  1.25784E-03  0.00000E+00  1.1E-05
  2.800E+00  5.96931E-04  3.04645E-20  1.08791E-03  0.00000E+00  1.3E-05
  2.900E+00  6.40321E-04  2.64816E-20  9.45673E-04  0.00000E+00  1.1E-05
  3.000E+00  6.85233E-04  2.31294E-20  8.25967E-04  0.00000E+00  7.2E-06
  3.100E+00  7.31665E-04  2.02908E-20  7.24596E-04  0.00000E+00  1.8E-06
  3.200E+00  7.79618E-04  1.78745E-20  6.38311E-04  0.00000E+00  3.5E-06
  3.300E+00  8.29092E-04  1.58076E-20  5.64500E-04  0.00000E+00  6.9E-06
  3.400E+00  8.80086E-04  1.40307E-20  5.01044E-04  0.00000E+00  8.0E-06
  3.500E+00  9.32601E-04  1.24969E-20  4.46271E-04  0.00000E+00  7.1E-06
  3.600E+00  9.86636E-04  1.11668E-20  3.98772E-04  0.00000E+00  4.5E-06
  3.700E+00  1.04219E-03  1.00092E-20  3.57434E-04  0.00000E+00  1.1E-06
  3.800E+00  1.09927E-03  8.99774E-21  3.21315E-04  0.00000E+00  2.4E-06
  3.900E+00  1.15786E-03  8.11086E-21  2.89644E-04  0.00000E+00  4.6E-06
  4.000E+00  1.21797E-03  7.33069E-21  2.61784E-04  0.00000E+00  5.4E-06
  4.100E+00  1.27961E-03  6.64191E-21  2.37187E-04  0.00000E+00  4.7E-06
  4.200E+00  1.34276E-03  6.03228E-21  2.15416E-04  0.00000E+00  3.0E-06
  4.300E+00  1.40743E-03  5.49097E-21  1.96086E-04  0.00000E+00  6.8E-07
  4.400E+00  1.47362E-03  5.00907E-21  1.78877E-04  0.00000E+00  1.7E-06
  4.500E+00  1.54133E-03  4.57894E-21  1.63517E-04  0.00000E+00  3.3E-06
  4.600E+00  1.61056E-03  4.19396E-21  1.49769E-04  0.00000E+00  3.8E-06
  4.700E+00  1.68131E-03  3.84867E-21  1.37439E-04  0.00000E+00  3.3E-06
  4.800E+00  1.75357E-03  3.53817E-21  1.26350E-04  0.00000E+00  2.1E-06
  4.900E+00  1.82735E-03  3.25838E-21  1.16359E-04  0.00000E+00  4.4E-07
  5.000E+00  1.90265E-03  3.00572E-21  1.07336E-04  0.00000E+00  1.3E-06
  5.100E+00  1.97947E-03  2.77708E-21  9.91713E-05  0.00000E+00  2.4E-06
  5.200E+00  2.05780E-03  2.56979E-21  9.17690E-05  0.00000E+00  2.8E-06
  5.300E+00  2.13765E-03  2.38148E-21  8.50441E-05  0.00000E+00  2.5E-06
  5.400E+00  2.21902E-03  2.21012E-21  7.89250E-05  0.00000E+00  1.5E-06
  5.500E+00  2.30190E-03  2.05390E-21  7.33462E-05  0.00000E+00  3.0E-07
  5.600E+00  2.38630E-03  1.91125E-21  6.82519E-05  0.00000E+00  1.1E-06
  5.700E+00  2.47222E-03  1.78078E-21  6.35927E-05  0.00000E+00  1.9E-06
  5.800E+00  2.55965E-03  1.66125E-21  5.93242E-05  0.00000E+00  2.1E-06
  5.900E+00  2.64859E-03  1.55159E-21  5.54083E-05  0.00000E+00  1.9E-06
  6.000E+00  2.73905E-03  1.45083E-21  5.18101E-05  0.00000E+00  1.2E-06
  6.100E+00  2.83103E-03  1.35813E-21  4.84995E-05  0.00000E+00  2.0E-07
  6.200E+00  2.92452E-03  1.27271E-21  4.54493E-05  0.00000E+00  8.5E-07
  6.300E+00  3.01952E-03  1.19390E-21  4.26351E-05  0.00000E+00  1.5E-06
  6.400E+00  3.11604E-03  1.12111E-21  4.00356E-05  0.00000E+00  1.7E-06
  6.500E+00  3.21407E-03  1.05378E-21  3.76312E-05  0.00000E+00  1.5E-06
  6.600E+00  3.31362E-03  9.91433E-22  3.54047E-05  0.00000E+00  9.0E-07
  6.700E+00  3.41468E-03  9.33630E-22  3.33405E-05  0.00000E+00  1.4E-07
  6.800E+00  3.51725E-03  8.79979E-22  3.14246E-05  0.00000E+00  7.1E-07
  6.900E+00  3.62133E-03  8.30131E-22  2.96445E-05  0.00000E+00  1.2E-06
  7.000E+00  3.72692E-03  7.83761E-22  2.79886E-05  0.00000E+00  1.3E-06
  7.100E+00  3.83403E-03  7.40588E-22  2.64469E-05  0.00000E+00  1.2E-06
  7.200E+00  3.94265E-03  7.00346E-22  2.50098E-05  0.00000E+00  7.1E-07
  7.300E+00  4.05278E-03  6.62803E-22  2.36691E-05  0.00000E+00  1.0E-07
  7.400E+00  4.16442E-03  6.27743E-22  2.24171E-05  0.00000E+00  6.0E-07
  7.500E+00  4.27757E-03  5.94970E-22  2.12468E-05  0.00000E+00  9.9E-07
  7.600E+00  4.39223E-03  5.64311E-22  2.01519E-05  0.00000E+00  1.1E-06
  7.700E+00  4.50840E-03  5.35600E-22  1.91266E-05  0.00000E+00  9.5E-07
  7.800E+00  4.62608E-03  5.08694E-22  1.81658E-05  0.00000E+00  5.7E-07
  7.900E+00  4.74527E-03  4.83456E-22  1.72645E-05  0.00000E+00  1.0E-07
  8.000E+00  4.86597E-03  4.59765E-22  1.64185E-05  0.00000E+00  5.1E-07
  8.100E+00  4.98817E-03  4.37509E-22  1.56237E-05  0.00000E+00  8.3E-07
  8.200E+00  5.11188E-03  4.16582E-22  1.48764E-05  0.00000E+00  9.1E-07
  8.300E+00  5.23711E-03  3.96893E-22  1.41733E-05  0.00000E+00  7.8E-07
  8.400E+00  5.36383E-03  3.78354E-22  1.35113E-05  0.00000E+00  4.6E-07
  8.500E+00  5.49207E-03  3.60885E-22  1.28874E-05  0.00000E+00  1.0E-07
  8.600E+00  5.62181E-03  3.44413E-22  1.22992E-05  0.00000E+00  4.4E-07
  8.700E+00  5.75306E-03  3.28870E-22  1.17441E-05  0.00000E+00  7.1E-07
  8.800E+00  5.88581E-03  3.14195E-22  1.12201E-05  0.00000E+00  7.7E-07
  8.900E+00  6.02007E-03  3.00328E-22  1.07249E-05  0.00000E+00  6.5E-07
  9.000E+00  6.15583E-03  2.87220E-22  1.02568E-05  0.00000E+00  3.8E-07
  9.100E+00  6.29310E-03  2.74818E-22  9.81394E-06  0.00000E+00  1.0E-07
  9.200E+00  6.43187E-03  2.63079E-22  9.39473E-06  0.00000E+00  3.9E-07
  9.300E+00  6.57214E-03  2.51961E-22  8.99768E-06  0.00000E+00  6.1E-07
  9.400E+00  6.71392E-03  2.41423E-22  8.62138E-06  0.00000E+00  6.5E-07
  9.500E+00  6.85720E-03  2.31431E-22  8.26456E-06  0.00000E+00  5.5E-07
  9.600E+00  7.00198E-03  2.21951E-22  7.92601E-06  0.00000E+00  3.1E-07
  9.700E+00  7.14827E-03  2.12951E-22  7.60463E-06  0.00000E+00  1.0E-07
  9.800E+00  7.29605E-03  2.04403E-22  7.29938E-06  0.00000E+00  3.5E-07
  9.900E+00  7.44534E-03  1.96280E-22  7.00928E-06  0.00000E+00  5.3E-07
  1.000E+01  7.59612E-03  1.88556E-22  6.73347E-06  0.00000E+00  5.6E-07
  1.025E+01  7.97965E-03  1.70846E-22  6.10103E-06  0.00000E+00  5.2E-07
  1.050E+01  8.37255E-03  1.55168E-22  5.54114E-06  0.00000E+00  4.6E-07
  1.075E+01  8.77480E-03  1.41247E-22  5.04404E-06  0.00000E+00  3.8E-07
  1.100E+01  9.18641E-03  1.28854E-22  4.60146E-06  0.00000E+00  2.8E-07
  1.125E+01  9.60736E-03  1.17791E-22  4.20638E-06  0.00000E+00  1.7E-07
  1.150E+01  1.00376E-02  1.07890E-22  3.85281E-06  0.00000E+00  1.0E-07
  1.175E+01  1.04773E-02  9.90074E-23  3.53562E-06  0.00000E+00  1.0E-07
  1.200E+01  1.09262E-02  9.10208E-23  3.25041E-06  0.00000E+00  1.6E-07
  1.225E+01  1.13844E-02  8.38235E-23  2.99339E-06  0.00000E+00  2.2E-07
  1.250E+01  1.18520E-02  7.73238E-23  2.76128E-06  0.00000E+00  2.7E-07
  1.275E+01  1.23288E-02  7.14420E-23  2.55124E-06  0.00000E+00  2.9E-07
  1.300E+01  1.28150E-02  6.61089E-23  2.36079E-06  0.00000E+00  2.9E-07
  1.325E+01  1.33104E-02  6.12643E-23  2.18779E-06  0.00000E+00  2.8E-07
  1.350E+01  1.38150E-02  5.68554E-23  2.03034E-06  0.00000E+00  2.6E-07
  1.375E+01  1.43290E-02  5.28360E-23  1.88681E-06  0.00000E+00  2.2E-07
  1.400E+01  1.48521E-02  4.91655E-23  1.75573E-06  0.00000E+00  1.8E-07
  1.425E+01  1.53845E-02  4.58082E-23  1.63584E-06  0.00000E+00  1.2E-07
  1.450E+01  1.59262E-02  4.27326E-23  1.52601E-06  0.00000E+00  1.0E-07
  1.475E+01  1.64770E-02  3.99107E-23  1.42524E-06  0.00000E+00  1.0E-07
  1.500E+01  1.70371E-02  3.73179E-23  1.33265E-06  0.00000E+00  1.0E-07
  1.525E+01  1.76063E-02  3.49322E-23  1.24745E-06  0.00000E+00  1.2E-07
  1.550E+01  1.81848E-02  3.27340E-23  1.16895E-06  0.00000E+00  1.5E-07
  1.575E+01  1.87724E-02  3.07060E-23  1.09653E-06  0.00000E+00  1.7E-07
  1.600E+01  1.93692E-02  2.88325E-23  1.02963E-06  0.00000E+00  1.7E-07
  1.625E+01  1.99751E-02  2.70997E-23  9.67749E-07  0.00000E+00  1.7E-07
  1.650E+01  2.05901E-02  2.54951E-23  9.10446E-07  0.00000E+00  1.6E-07
  1.675E+01  2.12143E-02  2.40074E-23  8.57320E-07  0.00000E+00  1.5E-07
  1.700E+01  2.18476E-02  2.26266E-23  8.08010E-07  0.00000E+00  1.2E-07
  1.725E+01  2.24900E-02  2.13435E-23  7.62192E-07  0.00000E+00  1.0E-07
  1.750E+01  2.31415E-02  2.01501E-23  7.19573E-07  0.00000E+00  1.0E-07
  1.775E+01  2.38021E-02  1.90388E-23  6.79889E-07  0.00000E+00  1.0E-07
  1.800E+01  2.44717E-02  1.80031E-23  6.42902E-07  0.00000E+00  1.0E-07
  1.825E+01  2.51504E-02  1.70367E-23  6.08393E-07  0.00000E+00  1.0E-07
  1.850E+01  2.58382E-02  1.61343E-23  5.76167E-07  0.00000E+00  1.0E-07
  1.875E+01  2.65349E-02  1.52908E-23  5.46044E-07  0.00000E+00  1.0E-07
  1.900E+01  2.72407E-02  1.45016E-23  5.17862E-07  0.00000E+00  1.1E-07
  1.925E+01  2.79555E-02  1.37626E-23  4.91472E-07  0.00000E+00  1.1E-07
  1.950E+01  2.86793E-02  1.30701E-23  4.66740E-07  0.00000E+00  1.1E-07
  1.975E+01  2.94120E-02  1.24205E-23  4.43543E-07  0.00000E+00  1.0E-07
  2.000E+01  3.01537E-02  1.18107E-23  4.21767E-07  0.00000E+00  1.0E-07
  2.025E+01  3.09043E-02  1.12378E-23  4.01309E-07  0.00000E+00  1.0E-07
  2.050E+01  3.16639E-02  1.06992E-23  3.82075E-07  0.00000E+00  1.0E-07
  2.075E+01  3.24324E-02  1.01924E-23  3.63977E-07  0.00000E+00  1.0E-07
  2.100E+01  3.32098E-02  9.71522E-24  3.46937E-07  0.00000E+00  1.0E-07
  2.125E+01  3.39961E-02  9.26559E-24  3.30880E-07  0.00000E+00  1.0E-07
  2.150E+01  3.47912E-02  8.84163E-24  3.15741E-07  0.00000E+00  1.0E-07
  2.175E+01  3.55952E-02  8.44160E-24  3.01455E-07  0.00000E+00  1.0E-07
  2.200E+01  3.64081E-02  8.06390E-24  2.87967E-07  0.00000E+00  1.0E-07
  2.225E+01  3.72297E-02  7.70704E-24  2.75223E-07  0.00000E+00  1.0E-07
  2.250E+01  3.80602E-02  7.36966E-24  2.63175E-07  0.00000E+00  1.0E-07
  2.275E+01  3.88995E-02  7.05051E-24  2.51778E-07  0.00000E+00  1.0E-07
  2.300E+01  3.97476E-02  6.74840E-24  2.40990E-07  0.00000E+00  1.0E-07
  2.325E+01  4.06044E-02  6.46227E-24  2.30772E-07  0.00000E+00  1.0E-07
  2.350E+01  4.14700E-02  6.19110E-24  2.21088E-07  0.00000E+00  1.0E-07
  2.375E+01  4.23443E-02  5.93398E-24  2.11906E-07  0.00000E+00  1.0E-07
  2.400E+01  4.32273E-02  5.69003E-24  2.03195E-07  0.00000E+00  1.0E-07
  2.425E+01  4.41190E-02  5.45845E-24  1.94925E-07  0.00000E+00  1.0E-07
  2.450E+01  4.50194E-02  5.23851E-24  1.87071E-07  0.00000E+00  1.0E-07
  2.475E+01  4.59284E-02  5.02950E-24  1.79607E-07  0.00000E+00  1.0E-07
  2.500E+01  4.68461E-02  4.83078E-24  1.72510E-07  0.00000E+00  1.0E-07
  2.550E+01  4.87074E-02  4.46184E-24  1.59335E-07  0.00000E+00  1.0E-07
  2.600E+01  5.06030E-02  4.12735E-24  1.47391E-07  0.00000E+00  1.0E-07
  2.650E+01  5.25328E-02  3.82353E-24  1.36541E-07  0.00000E+00  1.0E-07
  2.700E+01  5.44967E-02  3.54706E-24  1.26668E-07  0.00000E+00  1.0E-07
  2.750E+01  5.64946E-02  3.29504E-24  1.17668E-07  0.00000E+00  1.0E-07
  2.800E+01  5.85262E-02  3.06492E-24  1.09450E-07  0.00000E+00  1.0E-07
  2.850E+01  6.05914E-02  2.85447E-24  1.01935E-07  0.00000E+00  1.0E-07
  2.900E+01  6.26901E-02  2.66170E-24  9.50509E-08  0.00000E+00  1.0E-07
  2.950E+01  6.48222E-02  2.48485E-24  8.87356E-08  0.00000E+00  1.0E-07
  3.000E+01  6.69873E-02  2.32238E-24  8.29337E-08  0.00000E+00  1.0E-07
  3.050E+01  6.91854E-02  2.17291E-24  7.75960E-08  0.00000E+00  1.0E-07
  3.100E+01  7.14163E-02  2.03521E-24  7.26787E-08  0.00000E+00  1.0E-07
  3.150E+01  7.36799E-02  1.90819E-24  6.81427E-08  0.00000E+00  1.0E-07
  3.200E+01  7.59760E-02  1.79087E-24  6.39531E-08  0.00000E+00  1.0E-07
  3.250E+01  7.83043E-02  1.68237E-24  6.00786E-08  0.00000E+00  1.0E-07
  3.300E+01  8.06647E-02  1.58192E-24  5.64914E-08  0.00000E+00  1.0E-07
  3.350E+01  8.30571E-02  1.48880E-24  5.31661E-08  0.00000E+00  1.0E-07
  3.400E+01  8.54812E-02  1.40239E-24  5.00804E-08  0.00000E+00  1.0E-07
  3.450E+01  8.79369E-02  1.32212E-24  4.72137E-08  0.00000E+00  1.0E-07
  3.500E+01  9.04240E-02  1.24746E-24  4.45477E-08  0.00000E+00  1.0E-07
  3.550E+01  9.29422E-02  1.17796E-24  4.20658E-08  0.00000E+00  1.0E-07
  3.600E+01  9.54915E-02  1.11320E-24  3.97530E-08  0.00000E+00  1.0E-07
  3.650E+01  9.80716E-02  1.05279E-24  3.75957E-08  0.00000E+00  1.0E-07
  3.700E+01  1.00682E-01  9.96384E-25  3.55815E-08  0.00000E+00  1.0E-07
  3.750E+01  1.03323E-01  9.43675E-25  3.36992E-08  0.00000E+00  1.0E-07
  3.800E+01  1.05995E-01  8.94373E-25  3.19386E-08  0.00000E+00  1.0E-07
  3.850E+01  1.08696E-01  8.48218E-25  3.02904E-08  0.00000E+00  1.0E-07
  3.900E+01  1.11427E-01  8.04973E-25  2.87461E-08  0.00000E+00  1.0E-07
  3.950E+01  1.14188E-01  7.64422E-25  2.72980E-08  0.00000E+00  1.0E-07
  4.000E+01  1.16978E-01  7.26364E-25  2.59389E-08  0.00000E+00  1.0E-07
  4.050E+01  1.19797E-01  6.90620E-25  2.46625E-08  0.00000E+00  1.0E-07
  4.100E+01  1.22645E-01  6.57023E-25  2.34627E-08  0.00000E+00  1.0E-07
  4.150E+01  1.25522E-01  6.25420E-25  2.23342E-08  0.00000E+00  1.0E-07
  4.200E+01  1.28428E-01  5.95672E-25  2.12718E-08  0.00000E+00  1.0E-07
  4.250E+01  1.31361E-01  5.67650E-25  2.02711E-08  0.00000E+00  1.0E-07
  4.300E+01  1.34323E-01  5.41234E-25  1.93278E-08  0.00000E+00  1.0E-07
  4.350E+01  1.37313E-01  5.16318E-25  1.84380E-08  0.00000E+00  1.0E-07
  4.400E+01  1.40330E-01  4.92799E-25  1.75982E-08  0.00000E+00  1.0E-07
  4.450E+01  1.43375E-01  4.70585E-25  1.68049E-08  0.00000E+00  1.0E-07
  4.500E+01  1.46447E-01  4.49590E-25  1.60552E-08  0.00000E+00  1.0E-07
  4.550E+01  1.49545E-01  4.29736E-25  1.53462E-08  0.00000E+00  1.0E-07
  4.600E+01  1.52671E-01  4.10949E-25  1.46753E-08  0.00000E+00  1.0E-07
  4.650E+01  1.55823E-01  3.93161E-25  1.40400E-08  0.00000E+00  1.0E-07
  4.700E+01  1.59001E-01  3.76309E-25  1.34383E-08  0.00000E+00  1.0E-07
  4.750E+01  1.62205E-01  3.60336E-25  1.28678E-08  0.00000E+00  1.0E-07
  4.800E+01  1.65435E-01  3.45186E-25  1.23268E-08  0.00000E+00  1.0E-07
  4.850E+01  1.68690E-01  3.30810E-25  1.18134E-08  0.00000E+00  1.0E-07
  4.900E+01  1.71970E-01  3.17161E-25  1.13260E-08  0.00000E+00  1.0E-07
  4.950E+01  1.75276E-01  3.04195E-25  1.08630E-08  0.00000E+00  1.0E-07
  5.000E+01  1.78606E-01  2.91873E-25  1.04230E-08  0.00000E+00  1.0E-07
  5.050E+01  1.81961E-01  2.80156E-25  1.00045E-08  0.00000E+00  1.0E-07
  5.100E+01  1.85340E-01  2.69008E-25  9.60646E-09  0.00000E+00  1.0E-07
  5.150E+01  1.88743E-01  2.58399E-25  9.22758E-09  0.00000E+00  1.0E-07
  5.200E+01  1.92169E-01  2.48295E-25  8.86679E-09  0.00000E+00  1.0E-07
  5.250E+01  1.95619E-01  2.38670E-25  8.52307E-09  0.00000E+00  1.0E-07
  5.300E+01  1.99092E-01  2.29497E-25  8.19547E-09  0.00000E+00  1.0E-07
  5.350E+01  2.02589E-01  2.20749E-25  7.88310E-09  0.00000E+00  1.0E-07
  5.400E+01  2.06107E-01  2.12405E-25  7.58511E-09  0.00000E+00  1.0E-07
  5.450E+01  2.09649E-01  2.04441E-25  7.30073E-09  0.00000E+00  1.0E-07
  5.500E+01  2.13212E-01  1.96838E-25  7.02922E-09  0.00000E+00  1.0E-07
  5.550E+01  2.16797E-01  1.89576E-25  6.76989E-09  0.00000E+00  1.0E-07
  5.600E+01  2.20404E-01  1.82637E-25  6.52209E-09  0.00000E+00  1.0E-07
  5.650E+01  2.24032E-01  1.76004E-25  6.28523E-09  0.00000E+00  1.0E-07
  5.700E+01  2.27680E-01  1.69661E-25  6.05872E-09  0.00000E+00  1.0E-07
  5.750E+01  2.31350E-01  1.63594E-25  5.84204E-09  0.00000E+00  1.0E-07
  5.800E+01  2.35040E-01  1.57787E-25  5.63468E-09  0.00000E+00  1.0E-07
  5.850E+01  2.38751E-01  1.52228E-25  5.43616E-09  0.00000E+00  1.0E-07
  5.900E+01  2.42481E-01  1.46904E-25  5.24605E-09  0.00000E+00  1.0E-07
  5.950E+01  2.46231E-01  1.41804E-25  5.06392E-09  0.00000E+00  1.0E-07
  6.000E+01  2.50000E-01  1.36916E-25  4.88938E-09  0.00000E+00  1.0E-07
  6.050E+01  2.53788E-01  1.32231E-25  4.72204E-09  0.00000E+00  1.0E-07
  6.100E+01  2.57595E-01  1.27737E-25  4.56157E-09  0.00000E+00  1.0E-07
  6.150E+01  2.61421E-01  1.23426E-25  4.40762E-09  0.00000E+00  1.0E-07
  6.200E+01  2.65264E-01  1.19289E-25  4.25989E-09  0.00000E+00  1.0E-07
  6.250E+01  2.69126E-01  1.15318E-25  4.11808E-09  0.00000E+00  1.0E-07
  6.300E+01  2.73005E-01  1.11505E-25  3.98191E-09  0.00000E+00  1.0E-07
  6.350E+01  2.76901E-01  1.07842E-25  3.85111E-09  0.00000E+00  1.0E-07
  6.400E+01  2.80814E-01  1.04323E-25  3.72544E-09  0.00000E+00  1.0E-07
  6.450E+01  2.84744E-01  1.00940E-25  3.60465E-09  0.00000E+00  1.0E-07
  6.500E+01  2.88691E-01  9.76887E-26  3.48853E-09  0.00000E+00  1.0E-07
  6.550E+01  2.92653E-01  9.45615E-26  3.37685E-09  0.00000E+00  1.0E-07
  6.600E+01  2.96632E-01  9.15532E-26  3.26943E-09  0.00000E+00  1.0E-07
  6.650E+01  3.00625E-01  8.86587E-26  3.16606E-09  0.00000E+00  1.0E-07
  6.700E+01  3.04634E-01  8.58727E-26  3.06657E-09  0.00000E+00  1.0E-07
  6.750E+01  3.08658E-01  8.31905E-26  2.97079E-09  0.00000E+00  1.0E-07
  6.800E+01  3.12697E-01  8.06075E-26  2.87855E-09  0.00000E+00  1.0E-07
  6.850E+01  3.16749E-01  7.81195E-26  2.78970E-09  0.00000E+00  1.0E-07
  6.900E+01  3.20816E-01  7.57222E-26  2.70409E-09  0.00000E+00  1.0E-07
  6.950E+01  3.24896E-01  7.34118E-26  2.62158E-09  0.00000E+00  1.0E-07
  7.000E+01  3.28990E-01  7.11846E-26  2.54205E-09  0.00000E+00  1.0E-07
  7.050E+01  3.33097E-01  6.90371E-26  2.46536E-09  0.00000E+00  1.0E-07
  7.100E+01  3.37216E-01  6.69658E-26  2.39139E-09  0.00000E+00  1.0E-07
  7.150E+01  3.41348E-01  6.49676E-26  2.32004E-09  0.00000E+00  1.0E-07
  7.200E+01  3.45492E-01  6.30395E-26  2.25118E-09  0.00000E+00  1.0E-07
  7.250E+01  3.49647E-01  6.11786E-26  2.18473E-09  0.00000E+00  1.0E-07
  7.300E+01  3.53814E-01  5.93821E-26  2.12057E-09  0.00000E+00  1.0E-07
  7.350E+01  3.57992E-01  5.76474E-26  2.05863E-09  0.00000E+00  1.0E-07
  7.400E+01  3.62181E-01  5.59720E-26  1.99880E-09  0.00000E+00  1.0E-07
  7.450E+01  3.66381E-01  5.43535E-26  1.94100E-09  0.00000E+00  1.0E-07
  7.500E+01  3.70590E-01  5.27897E-26  1.88515E-09  0.00000E+00  1.0E-07
  7.550E+01  3.74810E-01  5.12783E-26  1.83118E-09  0.00000E+00  1.0E-07
  7.600E+01  3.79039E-01  4.98173E-26  1.77901E-09  0.00000E+00  1.0E-07
  7.650E+01  3.83277E-01  4.84047E-26  1.72856E-09  0.00000E+00  1.0E-07
  7.700E+01  3.87524E-01  4.70386E-26  1.67978E-09  0.00000E+00  1.0E-07
  7.750E+01  3.91780E-01  4.57173E-26  1.63260E-09  0.00000E+00  1.0E-07
  7.800E+01  3.96044E-01  4.44391E-26  1.58695E-09  0.00000E+00  1.0E-07
  7.850E+01  4.00316E-01  4.32021E-26  1.54278E-09  0.00000E+00  1.0E-07
  7.900E+01  4.04596E-01  4.20050E-26  1.50003E-09  0.00000E+00  1.0E-07
  7.950E+01  4.08882E-01  4.08462E-26  1.45864E-09  0.00000E+00  1.0E-07
  8.000E+01  4.13176E-01  3.97242E-26  1.41858E-09  0.00000E+00  1.0E-07
  8.050E+01  4.17476E-01  3.86378E-26  1.37978E-09  0.00000E+00  1.0E-07
  8.100E+01  4.21783E-01  3.75855E-26  1.34220E-09  0.00000E+00  1.0E-07
  8.150E+01  4.26095E-01  3.65660E-26  1.30580E-09  0.00000E+00  1.0E-07
  8.200E+01  4.30413E-01  3.55783E-26  1.27053E-09  0.00000E+00  1.0E-07
  8.250E+01  4.34737E-01  3.46212E-26  1.23634E-09  0.00000E+00  1.0E-07
  8.300E+01  4.39065E-01  3.36935E-26  1.20322E-09  0.00000E+00  1.0E-07
  8.350E+01  4.43398E-01  3.27941E-26  1.17110E-09  0.00000E+00  1.0E-07
  8.400E+01  4.47736E-01  3.19221E-26  1.13996E-09  0.00000E+00  1.0E-07
  8.450E+01  4.52077E-01  3.10765E-26  1.10976E-09  0.00000E+00  1.0E-07
  8.500E+01  4.56422E-01  3.02564E-26  1.08047E-09  0.00000E+00  1.0E-07
  8.550E+01  4.60770E-01  2.94608E-26  1.05206E-09  0.00000E+00  1.0E-07
  8.600E+01  4.65122E-01  2.86889E-26  1.02450E-09  0.00000E+00  1.0E-07
  8.650E+01  4.69476E-01  2.79398E-26  9.97750E-10  0.00000E+00  1.0E-07
  8.700E+01  4.73832E-01  2.72129E-26  9.71790E-10  0.00000E+00  1.0E-07
  8.750E+01  4.78190E-01  2.65073E-26  9.46591E-10  0.00000E+00  1.0E-07
  8.800E+01  4.82550E-01  2.58222E-26  9.22128E-10  0.00000E+00  1.0E-07
  8.850E+01  4.86912E-01  2.51570E-26  8.98374E-10  0.00000E+00  1.0E-07
  8.900E+01  4.91274E-01  2.45111E-26  8.75307E-10  0.00000E+00  1.0E-07
  8.950E+01  4.95637E-01  2.38837E-26  8.52903E-10  0.00000E+00  1.0E-07
  9.000E+01  5.00000E-01  2.32743E-26  8.31139E-10  0.00000E+00  1.0E-07
  9.050E+01  5.04363E-01  2.26822E-26  8.09994E-10  0.00000E+00  1.0E-07
  9.100E+01  5.08726E-01  2.21068E-26  7.89449E-10  0.00000E+00  1.0E-07
  9.150E+01  5.13088E-01  2.15477E-26  7.69482E-10  0.00000E+00  1.0E-07
  9.200E+01  5.17450E-01  2.10043E-26  7.50076E-10  0.00000E+00  1.0E-07
  9.250E+01  5.21810E-01  2.04760E-26  7.31211E-10  0.00000E+00  1.0E-07
  9.300E+01  5.26168E-01  1.99624E-26  7.12870E-10  0.00000E+00  1.0E-07
  9.350E+01  5.30524E-01  1.94630E-26  6.95037E-10  0.00000E+00  1.0E-07
  9.400E+01  5.34878E-01  1.89774E-26  6.77694E-10  0.00000E+00  1.0E-07
  9.450E+01  5.39230E-01  1.85050E-26  6.60827E-10  0.00000E+00  1.0E-07
  9.500E+01  5.43578E-01  1.80456E-26  6.44419E-10  0.00000E+00  1.0E-07
  9.550E+01  5.47923E-01  1.75986E-26  6.28457E-10  0.00000E+00  1.0E-07
  9.600E+01  5.52264E-01  1.71637E-26  6.12927E-10  0.00000E+00  1.0E-07
  9.650E+01  5.56602E-01  1.67405E-26  5.97814E-10  0.00000E+00  1.0E-07
  9.700E+01  5.60935E-01  1.63286E-26  5.83106E-10  0.00000E+00  1.0E-07
  9.750E+01  5.65263E-01  1.59278E-26  5.68791E-10  0.00000E+00  1.0E-07
  9.800E+01  5.69587E-01  1.55375E-26  5.54855E-10  0.00000E+00  1.0E-07
  9.850E+01  5.73905E-01  1.51576E-26  5.41288E-10  0.00000E+00  1.0E-07
  9.900E+01  5.78217E-01  1.47877E-26  5.28079E-10  0.00000E+00  1.0E-07
  9.950E+01  5.82524E-01  1.44275E-26  5.15215E-10  0.00000E+00  1.0E-07
  1.000E+02  5.86824E-01  1.40767E-26  5.02688E-10  0.00000E+00  1.0E-07
  1.005E+02  5.91118E-01  1.37350E-26  4.90486E-10  0.00000E+00  1.0E-07
  1.010E+02  5.95404E-01  1.34022E-26  4.78600E-10  0.00000E+00  1.0E-07
  1.015E+02  5.99684E-01  1.30779E-26  4.67020E-10  0.00000E+00  1.0E-07
  1.020E+02  6.03956E-01  1.27620E-26  4.55738E-10  0.00000E+00  1.0E-07
  1.025E+02  6.08220E-01  1.24541E-26  4.44744E-10  0.00000E+00  1.0E-07
  1.030E+02  6.12476E-01  1.21541E-26  4.34031E-10  0.00000E+00  1.0E-07
  1.035E+02  6.16723E-01  1.18617E-26  4.23589E-10  0.00000E+00  1.0E-07
  1.040E+02  6.20961E-01  1.15767E-26  4.13411E-10  0.00000E+00  1.0E-07
  1.045E+02  6.25190E-01  1.12989E-26  4.03490E-10  0.00000E+00  1.0E-07
  1.050E+02  6.29410E-01  1.10280E-26  3.93817E-10  0.00000E+00  1.0E-07
  1.055E+02  6.33619E-01  1.07639E-26  3.84386E-10  0.00000E+00  1.0E-07
  1.060E+02  6.37819E-01  1.05064E-26  3.75190E-10  0.00000E+00  1.0E-07
  1.065E+02  6.42008E-01  1.02552E-26  3.66222E-10  0.00000E+00  1.0E-07
  1.070E+02  6.46186E-01  1.00103E-26  3.57475E-10  0.00000E+00  1.0E-07
  1.075E+02  6.50353E-01  9.77141E-27  3.48944E-10  0.00000E+00  1.0E-07
  1.080E+02  6.54508E-01  9.53837E-27  3.40621E-10  0.00000E+00  1.0E-07
  1.085E+02  6.58652E-01  9.31103E-27  3.32503E-10  0.00000E+00  1.0E-07
  1.090E+02  6.62784E-01  9.08922E-27  3.24582E-10  0.00000E+00  1.0E-07
  1.095E+02  6.66903E-01  8.87280E-27  3.16853E-10  0.00000E+00  1.0E-07
  1.100E+02  6.71010E-01  8.66161E-27  3.09312E-10  0.00000E+00  1.0E-07
  1.105E+02  6.75104E-01  8.45551E-27  3.01952E-10  0.00000E+00  1.0E-07
  1.110E+02  6.79184E-01  8.25436E-27  2.94768E-10  0.00000E+00  1.0E-07
  1.115E+02  6.83251E-01  8.05803E-27  2.87757E-10  0.00000E+00  1.0E-07
  1.120E+02  6.87303E-01  7.86638E-27  2.80914E-10  0.00000E+00  1.0E-07
  1.125E+02  6.91342E-01  7.67929E-27  2.74233E-10  0.00000E+00  1.0E-07
  1.130E+02  6.95366E-01  7.49664E-27  2.67710E-10  0.00000E+00  1.0E-07
  1.135E+02  6.99375E-01  7.31831E-27  2.61342E-10  0.00000E+00  1.0E-07
  1.140E+02  7.03368E-01  7.14418E-27  2.55123E-10  0.00000E+00  1.0E-07
  1.145E+02  7.07347E-01  6.97414E-27  2.49051E-10  0.00000E+00  1.0E-07
  1.150E+02  7.11309E-01  6.80809E-27  2.43121E-10  0.00000E+00  1.0E-07
  1.155E+02  7.15256E-01  6.64591E-27  2.37330E-10  0.00000E+00  1.0E-07
  1.160E+02  7.19186E-01  6.48751E-27  2.31673E-10  0.00000E+00  1.0E-07
  1.165E+02  7.23099E-01  6.33278E-27  2.26148E-10  0.00000E+00  1.0E-07
  1.170E+02  7.26995E-01  6.18164E-27  2.20750E-10  0.00000E+00  1.0E-07
  1.175E+02  7.30874E-01  6.03399E-27  2.15478E-10  0.00000E+00  1.0E-07
  1.180E+02  7.34736E-01  5.88974E-27  2.10326E-10  0.00000E+00  1.0E-07
  1.185E+02  7.38579E-01  5.74880E-27  2.05293E-10  0.00000E+00  1.0E-07
  1.190E+02  7.42405E-01  5.61109E-27  2.00376E-10  0.00000E+00  1.0E-07
  1.195E+02  7.46212E-01  5.47653E-27  1.95570E-10  0.00000E+00  1.0E-07
  1.200E+02  7.50000E-01  5.34503E-27  1.90875E-10  0.00000E+00  1.0E-07
  1.205E+02  7.53769E-01  5.21653E-27  1.86286E-10  0.00000E+00  1.0E-07
  1.210E+02  7.57519E-01  5.09093E-27  1.81801E-10  0.00000E+00  1.0E-07
  1.215E+02  7.61249E-01  4.96818E-27  1.77417E-10  0.00000E+00  1.0E-07
  1.220E+02  7.64960E-01  4.84821E-27  1.73133E-10  0.00000E+00  1.0E-07
  1.225E+02  7.68650E-01  4.73093E-27  1.68945E-10  0.00000E+00  1.0E-07
  1.230E+02  7.72320E-01  4.61629E-27  1.64851E-10  0.00000E+00  1.0E-07
  1.235E+02  7.75968E-01  4.50423E-27  1.60849E-10  0.00000E+00  1.0E-07
  1.240E+02  7.79596E-01  4.39467E-27  1.56936E-10  0.00000E+00  1.0E-07
  1.245E+02  7.83203E-01  4.28756E-27  1.53111E-10  0.00000E+00  1.0E-07
  1.250E+02  7.86788E-01  4.18284E-27  1.49372E-10  0.00000E+00  1.0E-07
  1.255E+02  7.90351E-01  4.08045E-27  1.45715E-10  0.00000E+00  1.0E-07
  1.260E+02  7.93893E-01  3.98033E-27  1.42140E-10  0.00000E+00  1.0E-07
  1.265E+02  7.97411E-01  3.88244E-27  1.38645E-10  0.00000E+00  1.0E-07
  1.270E+02  8.00908E-01  3.78672E-27  1.35226E-10  0.00000E+00  1.0E-07
  1.275E+02  8.04381E-01  3.69311E-27  1.31883E-10  0.00000E+00  1.0E-07
  1.280E+02  8.07831E-01  3.60157E-27  1.28615E-10  0.00000E+00  1.0E-07
  1.285E+02  8.11257E-01  3.51206E-27  1.25418E-10  0.00000E+00  1.0E-07
  1.290E+02  8.14660E-01  3.42451E-27  1.22291E-10  0.00000E+00  1.0E-07
  1.295E+02  8.18039E-01  3.33889E-27  1.19234E-10  0.00000E+00  1.0E-07
  1.300E+02  8.21394E-01  3.25515E-27  1.16244E-10  0.00000E+00  1.0E-07
  1.305E+02  8.24724E-01  3.17325E-27  1.13319E-10  0.00000E+00  1.0E-07
  1.310E+02  8.28030E-01  3.09315E-27  1.10458E-10  0.00000E+00  1.0E-07
  1.315E+02  8.31310E-01  3.01480E-27  1.07661E-10  0.00000E+00  1.0E-07
  1.320E+02  8.34565E-01  2.93818E-27  1.04924E-10  0.00000E+00  1.0E-07
  1.325E+02  8.37795E-01  2.86322E-27  1.02248E-10  0.00000E+00  1.0E-07
  1.330E+02  8.40999E-01  2.78991E-27  9.96296E-11  0.00000E+00  1.0E-07
  1.335E+02  8.44177E-01  2.71821E-27  9.70689E-11  0.00000E+00  1.0E-07
  1.340E+02  8.47329E-01  2.64807E-27  9.45642E-11  0.00000E+00  1.0E-07
  1.345E+02  8.50455E-01  2.57946E-27  9.21143E-11  0.00000E+00  1.0E-07
  1.350E+02  8.53553E-01  2.51236E-27  8.97179E-11  0.00000E+00  1.0E-07
  1.355E+02  8.56625E-01  2.44672E-27  8.73739E-11  0.00000E+00  1.0E-07
  1.360E+02  8.59670E-01  2.38252E-27  8.50813E-11  0.00000E+00  1.0E-07
  1.365E+02  8.62687E-01  2.31972E-27  8.28388E-11  0.00000E+00  1.0E-07
  1.370E+02  8.65677E-01  2.25830E-27  8.06453E-11  0.00000E+00  1.0E-07
  1.375E+02  8.68639E-01  2.19822E-27  7.85000E-11  0.00000E+00  1.0E-07
  1.380E+02  8.71572E-01  2.13946E-27  7.64016E-11  0.00000E+00  1.0E-07
  1.385E+02  8.74478E-01  2.08199E-27  7.43493E-11  0.00000E+00  1.0E-07
  1.390E+02  8.77355E-01  2.02579E-27  7.23421E-11  0.00000E+00  1.0E-07
  1.395E+02  8.80203E-01  1.97081E-27  7.03790E-11  0.00000E+00  1.0E-07
  1.400E+02  8.83022E-01  1.91705E-27  6.84592E-11  0.00000E+00  1.0E-07
  1.405E+02  8.85812E-01  1.86448E-27  6.65817E-11  0.00000E+00  1.0E-07
  1.410E+02  8.88573E-01  1.81306E-27  6.47456E-11  0.00000E+00  1.0E-07
  1.415E+02  8.91304E-01  1.76279E-27  6.29502E-11  0.00000E+00  1.0E-07
  1.420E+02  8.94005E-01  1.71363E-27  6.11947E-11  0.00000E+00  1.0E-07
  1.425E+02  8.96677E-01  1.66556E-27  5.94781E-11  0.00000E+00  1.0E-07
  1.430E+02  8.99318E-01  1.61856E-27  5.77998E-11  0.00000E+00  1.0E-07
  1.435E+02  9.01928E-01  1.57261E-27  5.61590E-11  0.00000E+00  1.0E-07
  1.440E+02  9.04508E-01  1.52769E-27  5.45550E-11  0.00000E+00  1.0E-07
  1.445E+02  9.07058E-01  1.48379E-27  5.29870E-11  0.00000E+00  1.0E-07
  1.450E+02  9.09576E-01  1.44087E-27  5.14543E-11  0.00000E+00  1.0E-07
  1.455E+02  9.12063E-01  1.39892E-27  4.99564E-11  0.00000E+00  1.0E-07
  1.460E+02  9.14519E-01  1.35793E-27  4.84924E-11  0.00000E+00  1.0E-07
  1.465E+02  9.16943E-01  1.31787E-27  4.70619E-11  0.00000E+00  1.0E-07
  1.470E+02  9.19335E-01  1.27872E-27  4.56641E-11  0.00000E+00  1.0E-07
  1.475E+02  9.21696E-01  1.24048E-27  4.42984E-11  0.00000E+00  1.0E-07
  1.480E+02  9.24024E-01  1.20312E-27  4.29644E-11  0.00000E+00  1.0E-07
  1.485E+02  9.26320E-01  1.16663E-27  4.16613E-11  0.00000E+00  1.0E-07
  1.490E+02  9.28584E-01  1.13100E-27  4.03886E-11  0.00000E+00  1.0E-07
  1.495E+02  9.30815E-01  1.09620E-27  3.91459E-11  0.00000E+00  1.0E-07
  1.500E+02  9.33013E-01  1.06222E-27  3.79325E-11  0.00000E+00  1.0E-07
  1.505E+02  9.35178E-01  1.02905E-27  3.67479E-11  0.00000E+00  1.0E-07
  1.510E+02  9.37310E-01  9.96669E-28  3.55917E-11  0.00000E+00  1.0E-07
  1.515E+02  9.39409E-01  9.65073E-28  3.44634E-11  0.00000E+00  1.0E-07
  1.520E+02  9.41474E-01  9.34244E-28  3.33624E-11  0.00000E+00  1.0E-07
  1.525E+02  9.43505E-01  9.04169E-28  3.22884E-11  0.00000E+00  1.0E-07
  1.530E+02  9.45503E-01  8.74835E-28  3.12409E-11  0.00000E+00  1.0E-07
  1.535E+02  9.47467E-01  8.46232E-28  3.02195E-11  0.00000E+00  1.0E-07
  1.540E+02  9.49397E-01  8.18346E-28  2.92237E-11  0.00000E+00  1.0E-07
  1.545E+02  9.51293E-01  7.91167E-28  2.82531E-11  0.00000E+00  1.0E-07
  1.550E+02  9.53154E-01  7.64682E-28  2.73073E-11  0.00000E+00  1.0E-07
  1.555E+02  9.54981E-01  7.38882E-28  2.63860E-11  0.00000E+00  1.0E-07
  1.560E+02  9.56773E-01  7.13757E-28  2.54887E-11  0.00000E+00  1.0E-07
  1.565E+02  9.58530E-01  6.89295E-28  2.46152E-11  0.00000E+00  1.0E-07
  1.570E+02  9.60252E-01  6.65487E-28  2.37650E-11  0.00000E+00  1.0E-07
  1.575E+02  9.61940E-01  6.42323E-28  2.29378E-11  0.00000E+00  1.0E-07
  1.580E+02  9.63592E-01  6.19795E-28  2.21333E-11  0.00000E+00  1.0E-07
  1.585E+02  9.65209E-01  5.97893E-28  2.13511E-11  0.00000E+00  1.0E-07
  1.590E+02  9.66790E-01  5.76607E-28  2.05910E-11  0.00000E+00  1.0E-07
  1.595E+02  9.68336E-01  5.55931E-28  1.98526E-11  0.00000E+00  1.0E-07
  1.600E+02  9.69846E-01  5.35855E-28  1.91357E-11  0.00000E+00  1.0E-07
  1.605E+02  9.71321E-01  5.16371E-28  1.84400E-11  0.00000E+00  1.0E-07
  1.610E+02  9.72759E-01  4.97473E-28  1.77651E-11  0.00000E+00  1.0E-07
  1.615E+02  9.74162E-01  4.79152E-28  1.71108E-11  0.00000E+00  1.0E-07
  1.620E+02  9.75528E-01  4.61402E-28  1.64770E-11  0.00000E+00  1.0E-07
  1.625E+02  9.76858E-01  4.44215E-28  1.58632E-11  0.00000E+00  1.0E-07
  1.630E+02  9.78152E-01  4.27584E-28  1.52693E-11  0.00000E+00  1.0E-07
  1.635E+02  9.79410E-01  4.11503E-28  1.46951E-11  0.00000E+00  1.0E-07
  1.640E+02  9.80631E-01  3.95967E-28  1.41402E-11  0.00000E+00  1.0E-07
  1.645E+02  9.81815E-01  3.80968E-28  1.36046E-11  0.00000E+00  1.0E-07
  1.650E+02  9.82963E-01  3.66502E-28  1.30880E-11  0.00000E+00  1.0E-07
  1.655E+02  9.84074E-01  3.52561E-28  1.25902E-11  0.00000E+00  1.0E-07
  1.660E+02  9.85148E-01  3.39142E-28  1.21110E-11  0.00000E+00  1.0E-07
  1.665E+02  9.86185E-01  3.26238E-28  1.16502E-11  0.00000E+00  1.0E-07
  1.670E+02  9.87185E-01  3.13846E-28  1.12076E-11  0.00000E+00  1.0E-07
  1.675E+02  9.88148E-01  3.01960E-28  1.07832E-11  0.00000E+00  1.0E-07
  1.680E+02  9.89074E-01  2.90575E-28  1.03766E-11  0.00000E+00  1.0E-07
  1.685E+02  9.89962E-01  2.79688E-28  9.98784E-12  0.00000E+00  1.0E-07
  1.690E+02  9.90814E-01  2.69294E-28  9.61666E-12  0.00000E+00  1.1E-07
  1.695E+02  9.91627E-01  2.59389E-28  9.26295E-12  0.00000E+00  1.2E-07
  1.700E+02  9.92404E-01  2.49969E-28  8.92655E-12  0.00000E+00  1.2E-07
  1.705E+02  9.93143E-01  2.41031E-28  8.60737E-12  0.00000E+00  1.3E-07
  1.710E+02  9.93844E-01  2.32572E-28  8.30529E-12  0.00000E+00  1.0E-07
  1.715E+02  9.94508E-01  2.24587E-28  8.02016E-12  0.00000E+00  1.0E-07
  1.720E+02  9.95134E-01  2.17076E-28  7.75191E-12  0.00000E+00  1.3E-07
  1.725E+02  9.95722E-01  2.10033E-28  7.50041E-12  0.00000E+00  1.5E-07
  1.730E+02  9.96273E-01  2.03457E-28  7.26558E-12  0.00000E+00  1.5E-07
  1.735E+02  9.96786E-01  1.97345E-28  7.04730E-12  0.00000E+00  1.7E-07
  1.740E+02  9.97261E-01  1.91695E-28  6.84555E-12  0.00000E+00  1.3E-07
  1.745E+02  9.97698E-01  1.86505E-28  6.66021E-12  0.00000E+00  1.0E-07
  1.750E+02  9.98097E-01  1.81773E-28  6.49122E-12  0.00000E+00  1.4E-07
  1.755E+02  9.98459E-01  1.77496E-28  6.33851E-12  0.00000E+00  2.1E-07
  1.760E+02  9.98782E-01  1.73674E-28  6.20201E-12  0.00000E+00  2.3E-07
  1.765E+02  9.99067E-01  1.70306E-28  6.08174E-12  0.00000E+00  2.4E-07
  1.770E+02  9.99315E-01  1.67388E-28  5.97755E-12  0.00000E+00  2.0E-07
  1.775E+02  9.99524E-01  1.64922E-28  5.88946E-12  0.00000E+00  1.0E-07
  1.780E+02  9.99695E-01  1.62905E-28  5.81745E-12  0.00000E+00  1.6E-07
  1.785E+02  9.99829E-01  1.61337E-28  5.76146E-12  0.00000E+00  3.2E-07
  1.790E+02  9.99924E-01  1.60217E-28  5.72147E-12  0.00000E+00  4.8E-07
  1.795E+02  9.99981E-01  1.59547E-28  5.69751E-12  0.00000E+00  6.6E-07
  1.800E+02  1.00000E+00  1.59320E-28  5.68943E-12  0.00000E+00  3.1E-06
