 #
 # Subroutine ELSEPA. Elastic scattering of electrons and positrons
 #                    by neutral atoms and positive ions
 #
 # Projectile: electron
 # Kinetic energy = 3.70000E+06 eV = 1.35973E+05 a.u.
 #
 # WARNING: High-energy factorization with free-atom DF screening.
 #          Absorption, polarization and exchange corrections are
 #          switched off.
 #          Phase shifts are calculated for the bare nucleus.
 #          Scattering amplitudes are not evaluated.
 #
 # Element:  N,  Z =   7,  atomic weight = 1.40067E+01 g/mol
 #
 # Nuclear model: Fermi distribution
 #                Average radius = 2.57926E-13 cm
 #                Skin thickness = 5.46000E-14 cm
 #
 # Number of electrons =  7
 #
 # Total elastic cross section = 2.63876E-19 cm**2 = 9.42320E-03 a0**2
 # 1st transport cross section = 4.39937E-24 cm**2 = 1.57104E-07 a0**2
 # 2nd transport cross section = 1.26025E-23 cm**2 = 4.50043E-07 a0**2
 #
 #
 # Differential cross section:                       MU=(1-COS(THETA))/2
 #
 #  THETA        MU          DCS          DCS        Sherman      error
 #  (deg)                 (cm**2/sr)   (a0**2/sr)    function
 #----------------------------------------------------------------------
  0.000E+00  0.00000E+00  3.30594E-14  1.18057E+03  0.00000E+00  1.0E-05
  1.000E-04  7.61557E-13  3.30593E-14  1.18057E+03  0.00000E+00  1.0E-05
  1.250E-04  1.18994E-12  3.30593E-14  1.18057E+03  0.00000E+00  1.0E-05
  1.500E-04  1.71346E-12  3.30592E-14  1.18057E+03  0.00000E+00  1.0E-05
  1.750E-04  2.33225E-12  3.30591E-14  1.18056E+03  0.00000E+00  1.0E-05
  2.000E-04  3.04617E-12  3.30591E-14  1.18056E+03  0.00000E+00  1.0E-05
  2.250E-04  3.85530E-12  3.30590E-14  1.18056E+03  0.00000E+00  1.0E-05
  2.500E-04  4.75964E-12  3.30589E-14  1.18056E+03  0.00000E+00  1.0E-05
  2.750E-04  5.75917E-12  3.30588E-14  1.18055E+03  0.00000E+00  1.0E-05
  3.000E-04  6.85391E-12  3.30587E-14  1.18055E+03  0.00000E+00  1.0E-05
  3.250E-04  8.04379E-12  3.30586E-14  1.18054E+03  0.00000E+00  1.0E-05
  3.500E-04  9.32893E-12  3.30585E-14  1.18054E+03  0.00000E+00  1.0E-05
  3.750E-04  1.07092E-11  3.30583E-14  1.18053E+03  0.00000E+00  1.0E-05
  4.000E-04  1.21847E-11  3.30582E-14  1.18053E+03  0.00000E+00  1.0E-05
  4.250E-04  1.37554E-11  3.30580E-14  1.18052E+03  0.00000E+00  1.0E-05
  4.500E-04  1.54213E-11  3.30579E-14  1.18052E+03  0.00000E+00  1.0E-05
  4.750E-04  1.71823E-11  3.30577E-14  1.18051E+03  0.00000E+00  1.0E-05
  5.000E-04  1.90386E-11  3.30575E-14  1.18051E+03  0.00000E+00  1.0E-05
  5.250E-04  2.09900E-11  3.30574E-14  1.18050E+03  0.00000E+00  1.0E-05
  5.500E-04  2.30367E-11  3.30572E-14  1.18049E+03  0.00000E+00  1.0E-05
  5.750E-04  2.51785E-11  3.30570E-14  1.18049E+03  0.00000E+00  1.0E-05
  6.000E-04  2.74156E-11  3.30568E-14  1.18048E+03  0.00000E+00  1.0E-05
  6.250E-04  2.97478E-11  3.30565E-14  1.18047E+03  0.00000E+00  1.0E-05
  6.500E-04  3.21752E-11  3.30563E-14  1.18046E+03  0.00000E+00  1.0E-05
  6.750E-04  3.46979E-11  3.30561E-14  1.18045E+03  0.00000E+00  1.0E-05
  7.000E-04  3.73157E-11  3.30558E-14  1.18044E+03  0.00000E+00  1.0E-05
  7.250E-04  4.00286E-11  3.30556E-14  1.18044E+03  0.00000E+00  1.0E-05
  7.500E-04  4.28368E-11  3.30553E-14  1.18043E+03  0.00000E+00  1.0E-05
  7.750E-04  4.57402E-11  3.30550E-14  1.18042E+03  0.00000E+00  1.0E-05
  8.000E-04  4.87388E-11  3.30547E-14  1.18041E+03  0.00000E+00  1.0E-05
  8.250E-04  5.18325E-11  3.30544E-14  1.18040E+03  0.00000E+00  1.0E-05
  8.500E-04  5.50215E-11  3.30541E-14  1.18038E+03  0.00000E+00  1.0E-05
  8.750E-04  5.83057E-11  3.30538E-14  1.18037E+03  0.00000E+00  1.0E-05
  9.000E-04  6.16850E-11  3.30535E-14  1.18036E+03  0.00000E+00  1.0E-05
  9.250E-04  6.51595E-11  3.30532E-14  1.18035E+03  0.00000E+00  1.0E-05
  9.500E-04  6.87293E-11  3.30528E-14  1.18034E+03  0.00000E+00  1.0E-05
  9.750E-04  7.23943E-11  3.30525E-14  1.18033E+03  0.00000E+00  1.0E-05
  1.000E-03  7.61544E-11  3.30521E-14  1.18031E+03  0.00000E+00  1.0E-05
  1.250E-03  1.18991E-10  3.30481E-14  1.18017E+03  0.00000E+00  1.0E-05
  1.500E-03  1.71347E-10  3.30432E-14  1.17999E+03  0.00000E+00  1.0E-05
  1.750E-03  2.33223E-10  3.30373E-14  1.17978E+03  0.00000E+00  1.0E-05
  2.000E-03  3.04617E-10  3.30306E-14  1.17954E+03  0.00000E+00  1.0E-05
  2.250E-03  3.85531E-10  3.30230E-14  1.17927E+03  0.00000E+00  1.0E-05
  2.500E-03  4.75965E-10  3.30145E-14  1.17897E+03  0.00000E+00  1.0E-05
  2.750E-03  5.75917E-10  3.30051E-14  1.17863E+03  0.00000E+00  1.0E-05
  3.000E-03  6.85389E-10  3.29948E-14  1.17827E+03  0.00000E+00  1.0E-05
  3.250E-03  8.04380E-10  3.29836E-14  1.17787E+03  0.00000E+00  1.0E-05
  3.500E-03  9.32891E-10  3.29716E-14  1.17744E+03  0.00000E+00  1.0E-05
  3.750E-03  1.07092E-09  3.29586E-14  1.17697E+03  0.00000E+00  1.0E-05
  4.000E-03  1.21847E-09  3.29448E-14  1.17648E+03  0.00000E+00  1.0E-05
  4.250E-03  1.37554E-09  3.29301E-14  1.17596E+03  0.00000E+00  1.0E-05
  4.500E-03  1.54213E-09  3.29145E-14  1.17540E+03  0.00000E+00  1.0E-05
  4.750E-03  1.71823E-09  3.28980E-14  1.17481E+03  0.00000E+00  1.0E-05
  5.000E-03  1.90386E-09  3.28807E-14  1.17419E+03  0.00000E+00  1.0E-05
  5.250E-03  2.09900E-09  3.28625E-14  1.17354E+03  0.00000E+00  1.0E-05
  5.500E-03  2.30367E-09  3.28434E-14  1.17286E+03  0.00000E+00  1.0E-05
  5.750E-03  2.51785E-09  3.28234E-14  1.17215E+03  0.00000E+00  1.0E-05
  6.000E-03  2.74156E-09  3.28026E-14  1.17140E+03  0.00000E+00  1.0E-05
  6.250E-03  2.97478E-09  3.27809E-14  1.17063E+03  0.00000E+00  1.0E-05
  6.500E-03  3.21752E-09  3.27584E-14  1.16982E+03  0.00000E+00  1.0E-05
  6.750E-03  3.46978E-09  3.27350E-14  1.16899E+03  0.00000E+00  1.0E-05
  7.000E-03  3.73156E-09  3.27107E-14  1.16812E+03  0.00000E+00  1.0E-05
  7.250E-03  4.00286E-09  3.26855E-14  1.16722E+03  0.00000E+00  1.0E-05
  7.500E-03  4.28368E-09  3.26596E-14  1.16630E+03  0.00000E+00  1.0E-05
  7.750E-03  4.57402E-09  3.26328E-14  1.16534E+03  0.00000E+00  1.0E-05
  8.000E-03  4.87388E-09  3.26051E-14  1.16435E+03  0.00000E+00  1.0E-05
  8.250E-03  5.18326E-09  3.25766E-14  1.16333E+03  0.00000E+00  1.0E-05
  8.500E-03  5.50215E-09  3.25473E-14  1.16228E+03  0.00000E+00  1.0E-05
  8.750E-03  5.83057E-09  3.25170E-14  1.16120E+03  0.00000E+00  1.0E-05
  9.000E-03  6.16850E-09  3.24860E-14  1.16010E+03  0.00000E+00  1.0E-05
  9.250E-03  6.51596E-09  3.24542E-14  1.15896E+03  0.00000E+00  1.0E-05
  9.500E-03  6.87293E-09  3.24215E-14  1.15779E+03  0.00000E+00  1.0E-05
  9.750E-03  7.23942E-09  3.23880E-14  1.15660E+03  0.00000E+00  1.0E-05
  1.000E-02  7.61544E-09  3.23537E-14  1.15537E+03  0.00000E+00  1.0E-05
  1.250E-02  1.18991E-08  3.19665E-14  1.14154E+03  0.00000E+00  1.0E-05
  1.500E-02  1.71347E-08  3.15022E-14  1.12496E+03  0.00000E+00  1.0E-05
  1.750E-02  2.33223E-08  3.09660E-14  1.10582E+03  0.00000E+00  1.0E-05
  2.000E-02  3.04617E-08  3.03635E-14  1.08430E+03  0.00000E+00  1.0E-05
  2.250E-02  3.85531E-08  2.97009E-14  1.06064E+03  0.00000E+00  1.0E-05
  2.500E-02  4.75965E-08  2.89847E-14  1.03506E+03  0.00000E+00  1.0E-05
  2.750E-02  5.75917E-08  2.82218E-14  1.00782E+03  0.00000E+00  1.0E-05
  3.000E-02  6.85389E-08  2.74189E-14  9.79145E+02  0.00000E+00  1.0E-05
  3.250E-02  8.04380E-08  2.65829E-14  9.49292E+02  0.00000E+00  1.0E-05
  3.500E-02  9.32891E-08  2.56890E-14  9.17372E+02  0.00000E+00  1.0E-05
  3.750E-02  1.07092E-07  2.47640E-14  8.84339E+02  0.00000E+00  1.0E-05
  4.000E-02  1.21847E-07  2.38795E-14  8.52753E+02  0.00000E+00  1.0E-05
  4.250E-02  1.37554E-07  2.30385E-14  8.22721E+02  0.00000E+00  1.0E-05
  4.500E-02  1.54213E-07  2.20694E-14  7.88113E+02  0.00000E+00  1.0E-05
  4.750E-02  1.71823E-07  2.11576E-14  7.55551E+02  0.00000E+00  1.0E-05
  5.000E-02  1.90386E-07  2.03037E-14  7.25059E+02  0.00000E+00  1.0E-05
  5.250E-02  2.09900E-07  1.94092E-14  6.93115E+02  0.00000E+00  1.0E-05
  5.500E-02  2.30367E-07  1.85126E-14  6.61098E+02  0.00000E+00  1.0E-05
  5.750E-02  2.51785E-07  1.76811E-14  6.31405E+02  0.00000E+00  1.0E-05
  6.000E-02  2.74156E-07  1.68840E-14  6.02940E+02  0.00000E+00  1.0E-05
  6.250E-02  2.97478E-07  1.60359E-14  5.72651E+02  0.00000E+00  1.0E-05
  6.500E-02  3.21752E-07  1.52539E-14  5.44726E+02  0.00000E+00  1.0E-05
  6.750E-02  3.46978E-07  1.45329E-14  5.18978E+02  0.00000E+00  1.0E-05
  7.000E-02  3.73156E-07  1.37806E-14  4.92113E+02  0.00000E+00  1.0E-05
  7.250E-02  4.00286E-07  1.30660E-14  4.66594E+02  0.00000E+00  1.0E-05
  7.500E-02  4.28368E-07  1.24088E-14  4.43128E+02  0.00000E+00  1.0E-05
  7.750E-02  4.57402E-07  1.17707E-14  4.20339E+02  0.00000E+00  1.0E-05
  8.000E-02  4.87388E-07  1.11328E-14  3.97558E+02  0.00000E+00  1.0E-05
  8.250E-02  5.18325E-07  1.05468E-14  3.76633E+02  0.00000E+00  1.0E-05
  8.500E-02  5.50215E-07  1.00080E-14  3.57392E+02  0.00000E+00  1.0E-05
  8.750E-02  5.83057E-07  9.45036E-15  3.37479E+02  0.00000E+00  1.0E-05
  9.000E-02  6.16850E-07  8.93697E-15  3.19145E+02  0.00000E+00  1.0E-05
  9.250E-02  6.51596E-07  8.46483E-15  3.02285E+02  0.00000E+00  1.0E-05
  9.500E-02  6.87293E-07  8.00307E-15  2.85795E+02  0.00000E+00  1.0E-05
  9.750E-02  7.23942E-07  7.55948E-15  2.69954E+02  0.00000E+00  1.0E-05
  1.000E-01  7.61543E-07  7.15120E-15  2.55374E+02  0.00000E+00  1.0E-05
  1.250E-01  1.18991E-06  4.08827E-15  1.45995E+02  0.00000E+00  1.0E-05
  1.500E-01  1.71347E-06  2.38478E-15  8.51622E+01  0.00000E+00  1.0E-05
  1.750E-01  2.33223E-06  1.43883E-15  5.13815E+01  0.00000E+00  1.0E-05
  2.000E-01  3.04617E-06  9.03252E-16  3.22557E+01  0.00000E+00  1.0E-05
  2.250E-01  3.85531E-06  5.89872E-16  2.10647E+01  0.00000E+00  1.0E-05
  2.500E-01  4.75964E-06  3.99912E-16  1.42811E+01  0.00000E+00  1.0E-05
  2.750E-01  5.75916E-06  2.80643E-16  1.00219E+01  0.00000E+00  1.0E-05
  3.000E-01  6.85388E-06  2.03041E-16  7.25072E+00  0.00000E+00  1.0E-05
  3.250E-01  8.04378E-06  1.50857E-16  5.38719E+00  0.00000E+00  1.0E-05
  3.500E-01  9.32888E-06  1.14728E-16  4.09701E+00  0.00000E+00  1.0E-05
  3.750E-01  1.07092E-05  8.90357E-17  3.17952E+00  0.00000E+00  1.0E-05
  4.000E-01  1.21846E-05  7.03001E-17  2.51046E+00  0.00000E+00  1.0E-05
  4.250E-01  1.37553E-05  5.63555E-17  2.01249E+00  0.00000E+00  1.0E-05
  4.500E-01  1.54212E-05  4.57848E-17  1.63501E+00  0.00000E+00  1.0E-05
  4.750E-01  1.71822E-05  3.76340E-17  1.34393E+00  0.00000E+00  1.0E-05
  5.000E-01  1.90385E-05  3.12479E-17  1.11588E+00  0.00000E+00  1.0E-05
  5.250E-01  2.09899E-05  2.61774E-17  9.34812E-01  0.00000E+00  1.0E-05
  5.500E-01  2.30365E-05  2.21095E-17  7.89545E-01  0.00000E+00  1.0E-05
  5.750E-01  2.51783E-05  1.88071E-17  6.71615E-01  0.00000E+00  1.0E-05
  6.000E-01  2.74153E-05  1.61001E-17  5.74946E-01  0.00000E+00  1.0E-05
  6.250E-01  2.97475E-05  1.38685E-17  4.95251E-01  0.00000E+00  1.0E-05
  6.500E-01  3.21749E-05  1.20139E-17  4.29024E-01  0.00000E+00  1.0E-05
  6.750E-01  3.46974E-05  1.04578E-17  3.73456E-01  0.00000E+00  1.0E-05
  7.000E-01  3.73152E-05  9.14499E-18  3.26573E-01  0.00000E+00  1.0E-05
  7.250E-01  4.00281E-05  8.03213E-18  2.86833E-01  0.00000E+00  1.0E-05
  7.500E-01  4.28362E-05  7.08324E-18  2.52947E-01  0.00000E+00  1.0E-05
  7.750E-01  4.57395E-05  6.26791E-18  2.23831E-01  0.00000E+00  1.0E-05
  8.000E-01  4.87380E-05  5.56591E-18  1.98762E-01  0.00000E+00  1.0E-05
  8.250E-01  5.18317E-05  4.95925E-18  1.77098E-01  0.00000E+00  1.0E-05
  8.500E-01  5.50205E-05  4.43278E-18  1.58298E-01  0.00000E+00  1.0E-05
  8.750E-01  5.83045E-05  3.97303E-18  1.41880E-01  0.00000E+00  1.0E-05
  9.000E-01  6.16838E-05  3.57129E-18  1.27533E-01  0.00000E+00  1.0E-05
  9.250E-01  6.51582E-05  3.21891E-18  1.14949E-01  0.00000E+00  1.0E-05
  9.500E-01  6.87277E-05  2.90854E-18  1.03866E-01  0.00000E+00  1.0E-05
  9.750E-01  7.23925E-05  2.63403E-18  9.40629E-02  0.00000E+00  1.0E-05
  1.000E+00  7.61524E-05  2.39096E-18  8.53828E-02  0.00000E+00  1.1E-06
  1.100E+00  9.21439E-05  1.65724E-18  5.91812E-02  0.00000E+00  1.6E-06
  1.200E+00  1.09658E-04  1.18313E-18  4.22502E-02  0.00000E+00  3.0E-06
  1.300E+00  1.28695E-04  8.66067E-19  3.09278E-02  0.00000E+00  3.4E-06
  1.400E+00  1.49255E-04  6.47935E-19  2.31382E-02  0.00000E+00  2.9E-06
  1.500E+00  1.71338E-04  4.94060E-19  1.76432E-02  0.00000E+00  1.7E-06
  1.600E+00  1.94942E-04  3.83070E-19  1.36797E-02  0.00000E+00  4.0E-07
  1.700E+00  2.20070E-04  3.01477E-19  1.07659E-02  0.00000E+00  9.3E-07
  1.800E+00  2.46720E-04  2.40419E-19  8.58551E-03  0.00000E+00  1.7E-06
  1.900E+00  2.74892E-04  1.94030E-19  6.92894E-03  0.00000E+00  1.9E-06
  2.000E+00  3.04586E-04  1.58282E-19  5.65237E-03  0.00000E+00  1.7E-06
  2.100E+00  3.35803E-04  1.30383E-19  4.65607E-03  0.00000E+00  9.9E-07
  2.200E+00  3.68542E-04  1.08361E-19  3.86964E-03  0.00000E+00  1.8E-07
  2.300E+00  4.02802E-04  9.07888E-20  3.24213E-03  0.00000E+00  6.5E-07
  2.400E+00  4.38585E-04  7.66357E-20  2.73671E-03  0.00000E+00  1.1E-06
  2.500E+00  4.75889E-04  6.51322E-20  2.32591E-03  0.00000E+00  1.3E-06
  2.600E+00  5.14715E-04  5.57066E-20  1.98932E-03  0.00000E+00  1.1E-06
  2.700E+00  5.55063E-04  4.79248E-20  1.71143E-03  0.00000E+00  6.4E-07
  2.800E+00  5.96931E-04  4.14543E-20  1.48036E-03  0.00000E+00  1.0E-07
  2.900E+00  6.40321E-04  3.60397E-20  1.28700E-03  0.00000E+00  5.0E-07
  3.000E+00  6.85233E-04  3.14801E-20  1.12418E-03  0.00000E+00  8.5E-07
  3.100E+00  7.31665E-04  2.76193E-20  9.86304E-04  0.00000E+00  9.4E-07
  3.200E+00  7.79618E-04  2.43324E-20  8.68926E-04  0.00000E+00  7.9E-07
  3.300E+00  8.29092E-04  2.15200E-20  7.68494E-04  0.00000E+00  4.4E-07
  3.400E+00  8.80086E-04  1.91026E-20  6.82164E-04  0.00000E+00  1.0E-07
  3.500E+00  9.32601E-04  1.70150E-20  6.07616E-04  0.00000E+00  4.1E-07
  3.600E+00  9.86636E-04  1.52051E-20  5.42983E-04  0.00000E+00  6.6E-07
  3.700E+00  1.04219E-03  1.36294E-20  4.86716E-04  0.00000E+00  7.2E-07
  3.800E+00  1.09927E-03  1.22527E-20  4.37553E-04  0.00000E+00  5.9E-07
  3.900E+00  1.15786E-03  1.10456E-20  3.94445E-04  0.00000E+00  3.2E-07
  4.000E+00  1.21797E-03  9.98347E-21  3.56516E-04  0.00000E+00  1.0E-07
  4.100E+00  1.27961E-03  9.04606E-21  3.23041E-04  0.00000E+00  3.5E-07
  4.200E+00  1.34276E-03  8.21611E-21  2.93403E-04  0.00000E+00  5.4E-07
  4.300E+00  1.40743E-03  7.47923E-21  2.67088E-04  0.00000E+00  5.7E-07
  4.400E+00  1.47362E-03  6.82315E-21  2.43659E-04  0.00000E+00  4.6E-07
  4.500E+00  1.54133E-03  6.23746E-21  2.22744E-04  0.00000E+00  2.4E-07
  4.600E+00  1.61056E-03  5.71332E-21  2.04026E-04  0.00000E+00  1.0E-07
  4.700E+00  1.68131E-03  5.24309E-21  1.87234E-04  0.00000E+00  3.0E-07
  4.800E+00  1.75357E-03  4.82028E-21  1.72135E-04  0.00000E+00  4.5E-07
  4.900E+00  1.82735E-03  4.43925E-21  1.58528E-04  0.00000E+00  4.7E-07
  5.000E+00  1.90265E-03  4.09511E-21  1.46239E-04  0.00000E+00  3.7E-07
  5.100E+00  1.97947E-03  3.78368E-21  1.35118E-04  0.00000E+00  1.8E-07
  5.200E+00  2.05780E-03  3.50131E-21  1.25034E-04  0.00000E+00  1.0E-07
  5.300E+00  2.13765E-03  3.24481E-21  1.15874E-04  0.00000E+00  2.7E-07
  5.400E+00  2.21902E-03  3.01138E-21  1.07538E-04  0.00000E+00  3.8E-07
  5.500E+00  2.30190E-03  2.79858E-21  9.99393E-05  0.00000E+00  3.9E-07
  5.600E+00  2.38630E-03  2.60426E-21  9.29998E-05  0.00000E+00  3.0E-07
  5.700E+00  2.47222E-03  2.42652E-21  8.66526E-05  0.00000E+00  1.4E-07
  5.800E+00  2.55965E-03  2.26370E-21  8.08381E-05  0.00000E+00  1.0E-07
  5.900E+00  2.64859E-03  2.11431E-21  7.55032E-05  0.00000E+00  2.4E-07
  6.000E+00  2.73905E-03  1.97705E-21  7.06016E-05  0.00000E+00  3.3E-07
  6.100E+00  2.83103E-03  1.85075E-21  6.60915E-05  0.00000E+00  3.3E-07
  6.200E+00  2.92452E-03  1.73438E-21  6.19360E-05  0.00000E+00  2.5E-07
  6.300E+00  3.01952E-03  1.62703E-21  5.81022E-05  0.00000E+00  1.1E-07
  6.400E+00  3.11604E-03  1.52785E-21  5.45605E-05  0.00000E+00  1.0E-07
  6.500E+00  3.21407E-03  1.43612E-21  5.12848E-05  0.00000E+00  2.2E-07
  6.600E+00  3.31362E-03  1.35118E-21  4.82514E-05  0.00000E+00  2.9E-07
  6.700E+00  3.41468E-03  1.27242E-21  4.54391E-05  0.00000E+00  2.9E-07
  6.800E+00  3.51725E-03  1.19933E-21  4.28288E-05  0.00000E+00  2.1E-07
  6.900E+00  3.62133E-03  1.13141E-21  4.04033E-05  0.00000E+00  1.0E-07
  7.000E+00  3.72692E-03  1.06823E-21  3.81473E-05  0.00000E+00  1.0E-07
  7.100E+00  3.83403E-03  1.00941E-21  3.60466E-05  0.00000E+00  2.0E-07
  7.200E+00  3.94265E-03  9.54577E-22  3.40886E-05  0.00000E+00  2.6E-07
  7.300E+00  4.05278E-03  9.03421E-22  3.22618E-05  0.00000E+00  2.5E-07
  7.400E+00  4.16442E-03  8.55649E-22  3.05558E-05  0.00000E+00  1.8E-07
  7.500E+00  4.27757E-03  8.10994E-22  2.89611E-05  0.00000E+00  1.0E-07
  7.600E+00  4.39223E-03  7.69216E-22  2.74692E-05  0.00000E+00  1.0E-07
  7.700E+00  4.50840E-03  7.30095E-22  2.60722E-05  0.00000E+00  1.9E-07
  7.800E+00  4.62608E-03  6.93430E-22  2.47629E-05  0.00000E+00  2.3E-07
  7.900E+00  4.74527E-03  6.59040E-22  2.35348E-05  0.00000E+00  2.2E-07
  8.000E+00  4.86597E-03  6.26757E-22  2.23819E-05  0.00000E+00  1.5E-07
  8.100E+00  4.98817E-03  5.96427E-22  2.12988E-05  0.00000E+00  1.0E-07
  8.200E+00  5.11188E-03  5.67910E-22  2.02804E-05  0.00000E+00  1.0E-07
  8.300E+00  5.23711E-03  5.41078E-22  1.93223E-05  0.00000E+00  1.7E-07
  8.400E+00  5.36383E-03  5.15814E-22  1.84200E-05  0.00000E+00  2.1E-07
  8.500E+00  5.49207E-03  4.92007E-22  1.75699E-05  0.00000E+00  1.9E-07
  8.600E+00  5.62181E-03  4.69558E-22  1.67682E-05  0.00000E+00  1.3E-07
  8.700E+00  5.75306E-03  4.48376E-22  1.60118E-05  0.00000E+00  1.0E-07
  8.800E+00  5.88581E-03  4.28376E-22  1.52976E-05  0.00000E+00  1.0E-07
  8.900E+00  6.02007E-03  4.09479E-22  1.46228E-05  0.00000E+00  1.6E-07
  9.000E+00  6.15583E-03  3.91613E-22  1.39847E-05  0.00000E+00  1.9E-07
  9.100E+00  6.29310E-03  3.74711E-22  1.33812E-05  0.00000E+00  1.7E-07
  9.200E+00  6.43187E-03  3.58711E-22  1.28098E-05  0.00000E+00  1.1E-07
  9.300E+00  6.57214E-03  3.43557E-22  1.22686E-05  0.00000E+00  1.0E-07
  9.400E+00  6.71392E-03  3.29195E-22  1.17558E-05  0.00000E+00  1.0E-07
  9.500E+00  6.85720E-03  3.15576E-22  1.12694E-05  0.00000E+00  1.5E-07
  9.600E+00  7.00198E-03  3.02655E-22  1.08080E-05  0.00000E+00  1.7E-07
  9.700E+00  7.14827E-03  2.90388E-22  1.03699E-05  0.00000E+00  1.5E-07
  9.800E+00  7.29605E-03  2.78736E-22  9.95386E-06  0.00000E+00  1.0E-07
  9.900E+00  7.44534E-03  2.67664E-22  9.55845E-06  0.00000E+00  1.0E-07
  1.000E+01  7.59612E-03  2.57136E-22  9.18249E-06  0.00000E+00  1.0E-07
  1.025E+01  7.97965E-03  2.32995E-22  8.32040E-06  0.00000E+00  1.0E-07
  1.050E+01  8.37255E-03  2.11622E-22  7.55718E-06  0.00000E+00  1.0E-07
  1.075E+01  8.77480E-03  1.92646E-22  6.87952E-06  0.00000E+00  1.0E-07
  1.100E+01  9.18641E-03  1.75751E-22  6.27617E-06  0.00000E+00  1.0E-07
  1.125E+01  9.60736E-03  1.60668E-22  5.73755E-06  0.00000E+00  1.0E-07
  1.150E+01  1.00376E-02  1.47169E-22  5.25551E-06  0.00000E+00  1.1E-07
  1.175E+01  1.04773E-02  1.35059E-22  4.82306E-06  0.00000E+00  1.2E-07
  1.200E+01  1.09262E-02  1.24170E-22  4.43419E-06  0.00000E+00  1.2E-07
  1.225E+01  1.13844E-02  1.14357E-22  4.08375E-06  0.00000E+00  1.2E-07
  1.250E+01  1.18520E-02  1.05494E-22  3.76726E-06  0.00000E+00  1.1E-07
  1.275E+01  1.23288E-02  9.74736E-23  3.48085E-06  0.00000E+00  1.0E-07
  1.300E+01  1.28150E-02  9.02012E-23  3.22114E-06  0.00000E+00  1.0E-07
  1.325E+01  1.33104E-02  8.35947E-23  2.98522E-06  0.00000E+00  1.0E-07
  1.350E+01  1.38150E-02  7.75821E-23  2.77051E-06  0.00000E+00  1.0E-07
  1.375E+01  1.43290E-02  7.21005E-23  2.57475E-06  0.00000E+00  1.0E-07
  1.400E+01  1.48521E-02  6.70946E-23  2.39599E-06  0.00000E+00  1.0E-07
  1.425E+01  1.53845E-02  6.25156E-23  2.23247E-06  0.00000E+00  1.0E-07
  1.450E+01  1.59262E-02  5.83207E-23  2.08267E-06  0.00000E+00  1.0E-07
  1.475E+01  1.64770E-02  5.44718E-23  1.94522E-06  0.00000E+00  1.0E-07
  1.500E+01  1.70371E-02  5.09352E-23  1.81893E-06  0.00000E+00  1.0E-07
  1.525E+01  1.76063E-02  4.76809E-23  1.70272E-06  0.00000E+00  1.0E-07
  1.550E+01  1.81848E-02  4.46824E-23  1.59564E-06  0.00000E+00  1.0E-07
  1.575E+01  1.87724E-02  4.19158E-23  1.49684E-06  0.00000E+00  1.0E-07
  1.600E+01  1.93692E-02  3.93601E-23  1.40557E-06  0.00000E+00  1.0E-07
  1.625E+01  1.99751E-02  3.69961E-23  1.32116E-06  0.00000E+00  1.0E-07
  1.650E+01  2.05901E-02  3.48069E-23  1.24298E-06  0.00000E+00  1.0E-07
  1.675E+01  2.12143E-02  3.27772E-23  1.17050E-06  0.00000E+00  1.0E-07
  1.700E+01  2.18476E-02  3.08932E-23  1.10322E-06  0.00000E+00  1.0E-07
  1.725E+01  2.24900E-02  2.91426E-23  1.04070E-06  0.00000E+00  1.0E-07
  1.750E+01  2.31415E-02  2.75142E-23  9.82551E-07  0.00000E+00  1.0E-07
  1.775E+01  2.38021E-02  2.59979E-23  9.28402E-07  0.00000E+00  1.0E-07
  1.800E+01  2.44717E-02  2.45845E-23  8.77930E-07  0.00000E+00  1.0E-07
  1.825E+01  2.51504E-02  2.32659E-23  8.30839E-07  0.00000E+00  1.0E-07
  1.850E+01  2.58382E-02  2.20344E-23  7.86861E-07  0.00000E+00  1.0E-07
  1.875E+01  2.65349E-02  2.08832E-23  7.45753E-07  0.00000E+00  1.0E-07
  1.900E+01  2.72407E-02  1.98062E-23  7.07292E-07  0.00000E+00  1.0E-07
  1.925E+01  2.79555E-02  1.87976E-23  6.71276E-07  0.00000E+00  1.0E-07
  1.950E+01  2.86793E-02  1.78524E-23  6.37521E-07  0.00000E+00  1.0E-07
  1.975E+01  2.94120E-02  1.69658E-23  6.05860E-07  0.00000E+00  1.0E-07
  2.000E+01  3.01537E-02  1.61335E-23  5.76137E-07  0.00000E+00  1.0E-07
  2.025E+01  3.09043E-02  1.53515E-23  5.48213E-07  0.00000E+00  1.0E-07
  2.050E+01  3.16639E-02  1.46163E-23  5.21958E-07  0.00000E+00  1.0E-07
  2.075E+01  3.24324E-02  1.39245E-23  4.97254E-07  0.00000E+00  1.0E-07
  2.100E+01  3.32098E-02  1.32731E-23  4.73992E-07  0.00000E+00  1.0E-07
  2.125E+01  3.39961E-02  1.26593E-23  4.52073E-07  0.00000E+00  1.0E-07
  2.150E+01  3.47912E-02  1.20805E-23  4.31404E-07  0.00000E+00  1.0E-07
  2.175E+01  3.55952E-02  1.15344E-23  4.11902E-07  0.00000E+00  1.0E-07
  2.200E+01  3.64081E-02  1.10187E-23  3.93487E-07  0.00000E+00  1.0E-07
  2.225E+01  3.72297E-02  1.05315E-23  3.76088E-07  0.00000E+00  1.0E-07
  2.250E+01  3.80602E-02  1.00709E-23  3.59638E-07  0.00000E+00  1.0E-07
  2.275E+01  3.88995E-02  9.63511E-24  3.44076E-07  0.00000E+00  1.0E-07
  2.300E+01  3.97476E-02  9.22261E-24  3.29345E-07  0.00000E+00  1.0E-07
  2.325E+01  4.06044E-02  8.83190E-24  3.15393E-07  0.00000E+00  1.0E-07
  2.350E+01  4.14700E-02  8.46161E-24  3.02170E-07  0.00000E+00  1.0E-07
  2.375E+01  4.23443E-02  8.11049E-24  2.89631E-07  0.00000E+00  1.0E-07
  2.400E+01  4.32273E-02  7.77735E-24  2.77734E-07  0.00000E+00  1.0E-07
  2.425E+01  4.41190E-02  7.46110E-24  2.66441E-07  0.00000E+00  1.0E-07
  2.450E+01  4.50194E-02  7.16072E-24  2.55714E-07  0.00000E+00  1.0E-07
  2.475E+01  4.59284E-02  6.87527E-24  2.45520E-07  0.00000E+00  1.0E-07
  2.500E+01  4.68461E-02  6.60386E-24  2.35828E-07  0.00000E+00  1.0E-07
  2.550E+01  4.87074E-02  6.09995E-24  2.17833E-07  0.00000E+00  1.0E-07
  2.600E+01  5.06030E-02  5.64307E-24  2.01518E-07  0.00000E+00  1.0E-07
  2.650E+01  5.25328E-02  5.22804E-24  1.86697E-07  0.00000E+00  1.0E-07
  2.700E+01  5.44967E-02  4.85036E-24  1.73209E-07  0.00000E+00  1.0E-07
  2.750E+01  5.64946E-02  4.50605E-24  1.60914E-07  0.00000E+00  1.0E-07
  2.800E+01  5.85262E-02  4.19166E-24  1.49687E-07  0.00000E+00  1.0E-07
  2.850E+01  6.05914E-02  3.90410E-24  1.39418E-07  0.00000E+00  1.0E-07
  2.900E+01  6.26901E-02  3.64069E-24  1.30011E-07  0.00000E+00  1.0E-07
  2.950E+01  6.48222E-02  3.39903E-24  1.21382E-07  0.00000E+00  1.0E-07
  3.000E+01  6.69873E-02  3.17701E-24  1.13453E-07  0.00000E+00  1.0E-07
  3.050E+01  6.91854E-02  2.97273E-24  1.06158E-07  0.00000E+00  1.0E-07
  3.100E+01  7.14163E-02  2.78453E-24  9.94374E-08  0.00000E+00  1.0E-07
  3.150E+01  7.36799E-02  2.61092E-24  9.32375E-08  0.00000E+00  1.0E-07
  3.200E+01  7.59760E-02  2.45055E-24  8.75107E-08  0.00000E+00  1.0E-07
  3.250E+01  7.83043E-02  2.30224E-24  8.22144E-08  0.00000E+00  1.0E-07
  3.300E+01  8.06647E-02  2.16491E-24  7.73104E-08  0.00000E+00  1.0E-07
  3.350E+01  8.30571E-02  2.03761E-24  7.27644E-08  0.00000E+00  1.0E-07
  3.400E+01  8.54812E-02  1.91947E-24  6.85455E-08  0.00000E+00  1.0E-07
  3.450E+01  8.79369E-02  1.80971E-24  6.46259E-08  0.00000E+00  1.0E-07
  3.500E+01  9.04240E-02  1.70763E-24  6.09805E-08  0.00000E+00  1.0E-07
  3.550E+01  9.29422E-02  1.61259E-24  5.75867E-08  0.00000E+00  1.0E-07
  3.600E+01  9.54915E-02  1.52403E-24  5.44239E-08  0.00000E+00  1.0E-07
  3.650E+01  9.80716E-02  1.44141E-24  5.14736E-08  0.00000E+00  1.0E-07
  3.700E+01  1.00682E-01  1.36427E-24  4.87189E-08  0.00000E+00  1.0E-07
  3.750E+01  1.03323E-01  1.29217E-24  4.61444E-08  0.00000E+00  1.0E-07
  3.800E+01  1.05995E-01  1.22474E-24  4.37362E-08  0.00000E+00  1.0E-07
  3.850E+01  1.08696E-01  1.16160E-24  4.14816E-08  0.00000E+00  1.0E-07
  3.900E+01  1.11427E-01  1.10245E-24  3.93691E-08  0.00000E+00  1.0E-07
  3.950E+01  1.14188E-01  1.04697E-24  3.73880E-08  0.00000E+00  1.0E-07
  4.000E+01  1.16978E-01  9.94903E-25  3.55286E-08  0.00000E+00  1.0E-07
  4.050E+01  1.19797E-01  9.45999E-25  3.37822E-08  0.00000E+00  1.0E-07
  4.100E+01  1.22645E-01  9.00029E-25  3.21406E-08  0.00000E+00  1.0E-07
  4.150E+01  1.25522E-01  8.56786E-25  3.05964E-08  0.00000E+00  1.0E-07
  4.200E+01  1.28428E-01  8.16079E-25  2.91427E-08  0.00000E+00  1.0E-07
  4.250E+01  1.31361E-01  7.77731E-25  2.77733E-08  0.00000E+00  1.0E-07
  4.300E+01  1.34323E-01  7.41581E-25  2.64823E-08  0.00000E+00  1.0E-07
  4.350E+01  1.37313E-01  7.07480E-25  2.52646E-08  0.00000E+00  1.0E-07
  4.400E+01  1.40330E-01  6.75290E-25  2.41150E-08  0.00000E+00  1.0E-07
  4.450E+01  1.43375E-01  6.44885E-25  2.30293E-08  0.00000E+00  1.0E-07
  4.500E+01  1.46447E-01  6.16147E-25  2.20030E-08  0.00000E+00  1.0E-07
  4.550E+01  1.49545E-01  5.88969E-25  2.10325E-08  0.00000E+00  1.0E-07
  4.600E+01  1.52671E-01  5.63250E-25  2.01140E-08  0.00000E+00  1.0E-07
  4.650E+01  1.55823E-01  5.38898E-25  1.92444E-08  0.00000E+00  1.0E-07
  4.700E+01  1.59001E-01  5.15827E-25  1.84205E-08  0.00000E+00  1.0E-07
  4.750E+01  1.62205E-01  4.93956E-25  1.76395E-08  0.00000E+00  1.0E-07
  4.800E+01  1.65435E-01  4.73213E-25  1.68987E-08  0.00000E+00  1.0E-07
  4.850E+01  1.68690E-01  4.53528E-25  1.61958E-08  0.00000E+00  1.0E-07
  4.900E+01  1.71970E-01  4.34837E-25  1.55283E-08  0.00000E+00  1.0E-07
  4.950E+01  1.75276E-01  4.17082E-25  1.48943E-08  0.00000E+00  1.0E-07
  5.000E+01  1.78606E-01  4.00206E-25  1.42916E-08  0.00000E+00  1.0E-07
  5.050E+01  1.81961E-01  3.84159E-25  1.37186E-08  0.00000E+00  1.0E-07
  5.100E+01  1.85340E-01  3.68892E-25  1.31734E-08  0.00000E+00  1.0E-07
  5.150E+01  1.88743E-01  3.54359E-25  1.26544E-08  0.00000E+00  1.0E-07
  5.200E+01  1.92169E-01  3.40521E-25  1.21602E-08  0.00000E+00  1.0E-07
  5.250E+01  1.95619E-01  3.27336E-25  1.16894E-08  0.00000E+00  1.0E-07
  5.300E+01  1.99092E-01  3.14769E-25  1.12406E-08  0.00000E+00  1.0E-07
  5.350E+01  2.02589E-01  3.02786E-25  1.08127E-08  0.00000E+00  1.0E-07
  5.400E+01  2.06107E-01  2.91354E-25  1.04044E-08  0.00000E+00  1.0E-07
  5.450E+01  2.09649E-01  2.80443E-25  1.00148E-08  0.00000E+00  1.0E-07
  5.500E+01  2.13212E-01  2.70026E-25  9.64281E-09  0.00000E+00  1.0E-07
  5.550E+01  2.16797E-01  2.60076E-25  9.28747E-09  0.00000E+00  1.0E-07
  5.600E+01  2.20404E-01  2.50568E-25  8.94793E-09  0.00000E+00  1.0E-07
  5.650E+01  2.24032E-01  2.41478E-25  8.62335E-09  0.00000E+00  1.0E-07
  5.700E+01  2.27680E-01  2.32786E-25  8.31295E-09  0.00000E+00  1.0E-07
  5.750E+01  2.31350E-01  2.24471E-25  8.01600E-09  0.00000E+00  1.0E-07
  5.800E+01  2.35040E-01  2.16513E-25  7.73182E-09  0.00000E+00  1.0E-07
  5.850E+01  2.38751E-01  2.08894E-25  7.45974E-09  0.00000E+00  1.0E-07
  5.900E+01  2.42481E-01  2.01597E-25  7.19917E-09  0.00000E+00  1.0E-07
  5.950E+01  2.46231E-01  1.94607E-25  6.94953E-09  0.00000E+00  1.0E-07
  6.000E+01  2.50000E-01  1.87907E-25  6.71027E-09  0.00000E+00  1.0E-07
  6.050E+01  2.53788E-01  1.81483E-25  6.48089E-09  0.00000E+00  1.0E-07
  6.100E+01  2.57595E-01  1.75323E-25  6.26091E-09  0.00000E+00  1.0E-07
  6.150E+01  2.61421E-01  1.69413E-25  6.04986E-09  0.00000E+00  1.0E-07
  6.200E+01  2.65264E-01  1.63742E-25  5.84733E-09  0.00000E+00  1.0E-07
  6.250E+01  2.69126E-01  1.58297E-25  5.65290E-09  0.00000E+00  1.0E-07
  6.300E+01  2.73005E-01  1.53069E-25  5.46620E-09  0.00000E+00  1.0E-07
  6.350E+01  2.76901E-01  1.48047E-25  5.28685E-09  0.00000E+00  1.0E-07
  6.400E+01  2.80814E-01  1.43221E-25  5.11453E-09  0.00000E+00  1.0E-07
  6.450E+01  2.84744E-01  1.38583E-25  4.94890E-09  0.00000E+00  1.0E-07
  6.500E+01  2.88691E-01  1.34124E-25  4.78965E-09  0.00000E+00  1.0E-07
  6.550E+01  2.92653E-01  1.29835E-25  4.63650E-09  0.00000E+00  1.0E-07
  6.600E+01  2.96632E-01  1.25710E-25  4.48918E-09  0.00000E+00  1.0E-07
  6.650E+01  3.00625E-01  1.21740E-25  4.34741E-09  0.00000E+00  1.0E-07
  6.700E+01  3.04634E-01  1.17919E-25  4.21096E-09  0.00000E+00  1.0E-07
  6.750E+01  3.08658E-01  1.14240E-25  4.07958E-09  0.00000E+00  1.0E-07
  6.800E+01  3.12697E-01  1.10697E-25  3.95306E-09  0.00000E+00  1.0E-07
  6.850E+01  3.16749E-01  1.07284E-25  3.83119E-09  0.00000E+00  1.0E-07
  6.900E+01  3.20816E-01  1.03996E-25  3.71375E-09  0.00000E+00  1.0E-07
  6.950E+01  3.24896E-01  1.00826E-25  3.60057E-09  0.00000E+00  1.0E-07
  7.000E+01  3.28990E-01  9.77709E-26  3.49146E-09  0.00000E+00  1.0E-07
  7.050E+01  3.33097E-01  9.48246E-26  3.38625E-09  0.00000E+00  1.0E-07
  7.100E+01  3.37216E-01  9.19829E-26  3.28477E-09  0.00000E+00  1.0E-07
  7.150E+01  3.41348E-01  8.92414E-26  3.18687E-09  0.00000E+00  1.0E-07
  7.200E+01  3.45492E-01  8.65959E-26  3.09240E-09  0.00000E+00  1.0E-07
  7.250E+01  3.49647E-01  8.40425E-26  3.00121E-09  0.00000E+00  1.0E-07
  7.300E+01  3.53814E-01  8.15773E-26  2.91318E-09  0.00000E+00  1.0E-07
  7.350E+01  3.57992E-01  7.91969E-26  2.82817E-09  0.00000E+00  1.0E-07
  7.400E+01  3.62181E-01  7.68978E-26  2.74607E-09  0.00000E+00  1.0E-07
  7.450E+01  3.66381E-01  7.46767E-26  2.66675E-09  0.00000E+00  1.0E-07
  7.500E+01  3.70590E-01  7.25304E-26  2.59011E-09  0.00000E+00  1.0E-07
  7.550E+01  3.74810E-01  7.04561E-26  2.51603E-09  0.00000E+00  1.0E-07
  7.600E+01  3.79039E-01  6.84509E-26  2.44443E-09  0.00000E+00  1.0E-07
  7.650E+01  3.83277E-01  6.65121E-26  2.37519E-09  0.00000E+00  1.0E-07
  7.700E+01  3.87524E-01  6.46371E-26  2.30823E-09  0.00000E+00  1.0E-07
  7.750E+01  3.91780E-01  6.28234E-26  2.24347E-09  0.00000E+00  1.0E-07
  7.800E+01  3.96044E-01  6.10688E-26  2.18080E-09  0.00000E+00  1.0E-07
  7.850E+01  4.00316E-01  5.93708E-26  2.12017E-09  0.00000E+00  1.0E-07
  7.900E+01  4.04596E-01  5.77274E-26  2.06148E-09  0.00000E+00  1.0E-07
  7.950E+01  4.08882E-01  5.61365E-26  2.00467E-09  0.00000E+00  1.0E-07
  8.000E+01  4.13176E-01  5.45962E-26  1.94967E-09  0.00000E+00  1.0E-07
  8.050E+01  4.17476E-01  5.31046E-26  1.89640E-09  0.00000E+00  1.0E-07
  8.100E+01  4.21783E-01  5.16598E-26  1.84480E-09  0.00000E+00  1.0E-07
  8.150E+01  4.26095E-01  5.02601E-26  1.79482E-09  0.00000E+00  1.0E-07
  8.200E+01  4.30413E-01  4.89039E-26  1.74639E-09  0.00000E+00  1.0E-07
  8.250E+01  4.34737E-01  4.75896E-26  1.69945E-09  0.00000E+00  1.0E-07
  8.300E+01  4.39065E-01  4.63156E-26  1.65396E-09  0.00000E+00  1.0E-07
  8.350E+01  4.43398E-01  4.50807E-26  1.60986E-09  0.00000E+00  1.0E-07
  8.400E+01  4.47736E-01  4.38832E-26  1.56710E-09  0.00000E+00  1.0E-07
  8.450E+01  4.52077E-01  4.27219E-26  1.52563E-09  0.00000E+00  1.0E-07
  8.500E+01  4.56422E-01  4.15955E-26  1.48540E-09  0.00000E+00  1.0E-07
  8.550E+01  4.60770E-01  4.05029E-26  1.44638E-09  0.00000E+00  1.0E-07
  8.600E+01  4.65122E-01  3.94427E-26  1.40852E-09  0.00000E+00  1.0E-07
  8.650E+01  4.69476E-01  3.84139E-26  1.37179E-09  0.00000E+00  1.0E-07
  8.700E+01  4.73832E-01  3.74154E-26  1.33613E-09  0.00000E+00  1.0E-07
  8.750E+01  4.78190E-01  3.64462E-26  1.30152E-09  0.00000E+00  1.0E-07
  8.800E+01  4.82550E-01  3.55052E-26  1.26791E-09  0.00000E+00  1.0E-07
  8.850E+01  4.86912E-01  3.45915E-26  1.23528E-09  0.00000E+00  1.0E-07
  8.900E+01  4.91274E-01  3.37041E-26  1.20360E-09  0.00000E+00  1.0E-07
  8.950E+01  4.95637E-01  3.28422E-26  1.17282E-09  0.00000E+00  1.0E-07
  9.000E+01  5.00000E-01  3.20050E-26  1.14292E-09  0.00000E+00  1.0E-07
  9.050E+01  5.04363E-01  3.11915E-26  1.11387E-09  0.00000E+00  1.0E-07
  9.100E+01  5.08726E-01  3.04011E-26  1.08564E-09  0.00000E+00  1.0E-07
  9.150E+01  5.13088E-01  2.96329E-26  1.05821E-09  0.00000E+00  1.0E-07
  9.200E+01  5.17450E-01  2.88862E-26  1.03154E-09  0.00000E+00  1.0E-07
  9.250E+01  5.21810E-01  2.81603E-26  1.00562E-09  0.00000E+00  1.0E-07
  9.300E+01  5.26168E-01  2.74546E-26  9.80423E-10  0.00000E+00  1.0E-07
  9.350E+01  5.30524E-01  2.67684E-26  9.55918E-10  0.00000E+00  1.0E-07
  9.400E+01  5.34878E-01  2.61011E-26  9.32087E-10  0.00000E+00  1.0E-07
  9.450E+01  5.39230E-01  2.54520E-26  9.08908E-10  0.00000E+00  1.0E-07
  9.500E+01  5.43578E-01  2.48206E-26  8.86360E-10  0.00000E+00  1.0E-07
  9.550E+01  5.47923E-01  2.42063E-26  8.64424E-10  0.00000E+00  1.0E-07
  9.600E+01  5.52264E-01  2.36086E-26  8.43080E-10  0.00000E+00  1.0E-07
  9.650E+01  5.56602E-01  2.30270E-26  8.22310E-10  0.00000E+00  1.0E-07
  9.700E+01  5.60935E-01  2.24610E-26  8.02096E-10  0.00000E+00  1.0E-07
  9.750E+01  5.65263E-01  2.19100E-26  7.82420E-10  0.00000E+00  1.0E-07
  9.800E+01  5.69587E-01  2.13736E-26  7.63266E-10  0.00000E+00  1.0E-07
  9.850E+01  5.73905E-01  2.08514E-26  7.44618E-10  0.00000E+00  1.0E-07
  9.900E+01  5.78217E-01  2.03430E-26  7.26460E-10  0.00000E+00  1.0E-07
  9.950E+01  5.82524E-01  1.98478E-26  7.08778E-10  0.00000E+00  1.0E-07
  1.000E+02  5.86824E-01  1.93656E-26  6.91558E-10  0.00000E+00  1.0E-07
  1.005E+02  5.91118E-01  1.88959E-26  6.74784E-10  0.00000E+00  1.0E-07
  1.010E+02  5.95404E-01  1.84383E-26  6.58444E-10  0.00000E+00  1.0E-07
  1.015E+02  5.99684E-01  1.79925E-26  6.42525E-10  0.00000E+00  1.0E-07
  1.020E+02  6.03956E-01  1.75582E-26  6.27014E-10  0.00000E+00  1.0E-07
  1.025E+02  6.08220E-01  1.71349E-26  6.11900E-10  0.00000E+00  1.0E-07
  1.030E+02  6.12476E-01  1.67225E-26  5.97170E-10  0.00000E+00  1.0E-07
  1.035E+02  6.16723E-01  1.63205E-26  5.82814E-10  0.00000E+00  1.0E-07
  1.040E+02  6.20961E-01  1.59286E-26  5.68820E-10  0.00000E+00  1.0E-07
  1.045E+02  6.25190E-01  1.55466E-26  5.55178E-10  0.00000E+00  1.0E-07
  1.050E+02  6.29410E-01  1.51741E-26  5.41878E-10  0.00000E+00  1.0E-07
  1.055E+02  6.33619E-01  1.48110E-26  5.28910E-10  0.00000E+00  1.0E-07
  1.060E+02  6.37819E-01  1.44569E-26  5.16264E-10  0.00000E+00  1.0E-07
  1.065E+02  6.42008E-01  1.41115E-26  5.03931E-10  0.00000E+00  1.0E-07
  1.070E+02  6.46186E-01  1.37747E-26  4.91903E-10  0.00000E+00  1.0E-07
  1.075E+02  6.50353E-01  1.34462E-26  4.80171E-10  0.00000E+00  1.0E-07
  1.080E+02  6.54508E-01  1.31257E-26  4.68726E-10  0.00000E+00  1.0E-07
  1.085E+02  6.58652E-01  1.28130E-26  4.57561E-10  0.00000E+00  1.0E-07
  1.090E+02  6.62784E-01  1.25080E-26  4.46667E-10  0.00000E+00  1.0E-07
  1.095E+02  6.66903E-01  1.22103E-26  4.36038E-10  0.00000E+00  1.0E-07
  1.100E+02  6.71010E-01  1.19198E-26  4.25665E-10  0.00000E+00  1.0E-07
  1.105E+02  6.75104E-01  1.16364E-26  4.15542E-10  0.00000E+00  1.0E-07
  1.110E+02  6.79184E-01  1.13597E-26  4.05662E-10  0.00000E+00  1.0E-07
  1.115E+02  6.83251E-01  1.10896E-26  3.96018E-10  0.00000E+00  1.0E-07
  1.120E+02  6.87303E-01  1.08260E-26  3.86604E-10  0.00000E+00  1.0E-07
  1.125E+02  6.91342E-01  1.05687E-26  3.77414E-10  0.00000E+00  1.0E-07
  1.130E+02  6.95366E-01  1.03174E-26  3.68442E-10  0.00000E+00  1.0E-07
  1.135E+02  6.99375E-01  1.00721E-26  3.59681E-10  0.00000E+00  1.0E-07
  1.140E+02  7.03368E-01  9.83256E-27  3.51127E-10  0.00000E+00  1.0E-07
  1.145E+02  7.07347E-01  9.59864E-27  3.42774E-10  0.00000E+00  1.0E-07
  1.150E+02  7.11309E-01  9.37019E-27  3.34616E-10  0.00000E+00  1.0E-07
  1.155E+02  7.15256E-01  9.14708E-27  3.26648E-10  0.00000E+00  1.0E-07
  1.160E+02  7.19186E-01  8.92915E-27  3.18866E-10  0.00000E+00  1.0E-07
  1.165E+02  7.23099E-01  8.71628E-27  3.11264E-10  0.00000E+00  1.0E-07
  1.170E+02  7.26995E-01  8.50833E-27  3.03838E-10  0.00000E+00  1.0E-07
  1.175E+02  7.30874E-01  8.30518E-27  2.96583E-10  0.00000E+00  1.0E-07
  1.180E+02  7.34736E-01  8.10670E-27  2.89496E-10  0.00000E+00  1.0E-07
  1.185E+02  7.38579E-01  7.91278E-27  2.82570E-10  0.00000E+00  1.0E-07
  1.190E+02  7.42405E-01  7.72329E-27  2.75804E-10  0.00000E+00  1.0E-07
  1.195E+02  7.46212E-01  7.53813E-27  2.69191E-10  0.00000E+00  1.0E-07
  1.200E+02  7.50000E-01  7.35718E-27  2.62730E-10  0.00000E+00  1.0E-07
  1.205E+02  7.53769E-01  7.18035E-27  2.56415E-10  0.00000E+00  1.0E-07
  1.210E+02  7.57519E-01  7.00752E-27  2.50243E-10  0.00000E+00  1.0E-07
  1.215E+02  7.61249E-01  6.83860E-27  2.44211E-10  0.00000E+00  1.0E-07
  1.220E+02  7.64960E-01  6.67349E-27  2.38315E-10  0.00000E+00  1.0E-07
  1.225E+02  7.68650E-01  6.51210E-27  2.32551E-10  0.00000E+00  1.0E-07
  1.230E+02  7.72320E-01  6.35433E-27  2.26917E-10  0.00000E+00  1.0E-07
  1.235E+02  7.75968E-01  6.20010E-27  2.21409E-10  0.00000E+00  1.0E-07
  1.240E+02  7.79596E-01  6.04931E-27  2.16025E-10  0.00000E+00  1.0E-07
  1.245E+02  7.83203E-01  5.90190E-27  2.10761E-10  0.00000E+00  1.0E-07
  1.250E+02  7.86788E-01  5.75776E-27  2.05613E-10  0.00000E+00  1.0E-07
  1.255E+02  7.90351E-01  5.61684E-27  2.00581E-10  0.00000E+00  1.0E-07
  1.260E+02  7.93893E-01  5.47904E-27  1.95660E-10  0.00000E+00  1.0E-07
  1.265E+02  7.97411E-01  5.34430E-27  1.90848E-10  0.00000E+00  1.0E-07
  1.270E+02  8.00908E-01  5.21254E-27  1.86143E-10  0.00000E+00  1.0E-07
  1.275E+02  8.04381E-01  5.08369E-27  1.81542E-10  0.00000E+00  1.0E-07
  1.280E+02  8.07831E-01  4.95769E-27  1.77042E-10  0.00000E+00  1.0E-07
  1.285E+02  8.11257E-01  4.83446E-27  1.72642E-10  0.00000E+00  1.0E-07
  1.290E+02  8.14660E-01  4.71395E-27  1.68338E-10  0.00000E+00  1.0E-07
  1.295E+02  8.18039E-01  4.59608E-27  1.64129E-10  0.00000E+00  1.0E-07
  1.300E+02  8.21394E-01  4.48081E-27  1.60013E-10  0.00000E+00  1.0E-07
  1.305E+02  8.24724E-01  4.36806E-27  1.55986E-10  0.00000E+00  1.0E-07
  1.310E+02  8.28030E-01  4.25779E-27  1.52048E-10  0.00000E+00  1.0E-07
  1.315E+02  8.31310E-01  4.14993E-27  1.48197E-10  0.00000E+00  1.0E-07
  1.320E+02  8.34565E-01  4.04443E-27  1.44429E-10  0.00000E+00  1.0E-07
  1.325E+02  8.37795E-01  3.94124E-27  1.40744E-10  0.00000E+00  1.0E-07
  1.330E+02  8.40999E-01  3.84031E-27  1.37140E-10  0.00000E+00  1.0E-07
  1.335E+02  8.44177E-01  3.74158E-27  1.33614E-10  0.00000E+00  1.0E-07
  1.340E+02  8.47329E-01  3.64501E-27  1.30166E-10  0.00000E+00  1.0E-07
  1.345E+02  8.50455E-01  3.55055E-27  1.26792E-10  0.00000E+00  1.0E-07
  1.350E+02  8.53553E-01  3.45816E-27  1.23493E-10  0.00000E+00  1.0E-07
  1.355E+02  8.56625E-01  3.36778E-27  1.20266E-10  0.00000E+00  1.0E-07
  1.360E+02  8.59670E-01  3.27938E-27  1.17109E-10  0.00000E+00  1.0E-07
  1.365E+02  8.62687E-01  3.19291E-27  1.14021E-10  0.00000E+00  1.0E-07
  1.370E+02  8.65677E-01  3.10833E-27  1.11001E-10  0.00000E+00  1.0E-07
  1.375E+02  8.68639E-01  3.02561E-27  1.08046E-10  0.00000E+00  1.0E-07
  1.380E+02  8.71572E-01  2.94469E-27  1.05157E-10  0.00000E+00  1.0E-07
  1.385E+02  8.74478E-01  2.86555E-27  1.02331E-10  0.00000E+00  1.0E-07
  1.390E+02  8.77355E-01  2.78815E-27  9.95667E-11  0.00000E+00  1.0E-07
  1.395E+02  8.80203E-01  2.71245E-27  9.68633E-11  0.00000E+00  1.0E-07
  1.400E+02  8.83022E-01  2.63841E-27  9.42195E-11  0.00000E+00  1.0E-07
  1.405E+02  8.85812E-01  2.56601E-27  9.16339E-11  0.00000E+00  1.0E-07
  1.410E+02  8.88573E-01  2.49520E-27  8.91054E-11  0.00000E+00  1.0E-07
  1.415E+02  8.91304E-01  2.42596E-27  8.66328E-11  0.00000E+00  1.0E-07
  1.420E+02  8.94005E-01  2.35826E-27  8.42150E-11  0.00000E+00  1.0E-07
  1.425E+02  8.96677E-01  2.29206E-27  8.18509E-11  0.00000E+00  1.0E-07
  1.430E+02  8.99318E-01  2.22733E-27  7.95394E-11  0.00000E+00  1.0E-07
  1.435E+02  9.01928E-01  2.16405E-27  7.72796E-11  0.00000E+00  1.0E-07
  1.440E+02  9.04508E-01  2.10218E-27  7.50704E-11  0.00000E+00  1.0E-07
  1.445E+02  9.07058E-01  2.04171E-27  7.29108E-11  0.00000E+00  1.0E-07
  1.450E+02  9.09576E-01  1.98260E-27  7.07998E-11  0.00000E+00  1.0E-07
  1.455E+02  9.12063E-01  1.92482E-27  6.87366E-11  0.00000E+00  1.0E-07
  1.460E+02  9.14519E-01  1.86836E-27  6.67202E-11  0.00000E+00  1.0E-07
  1.465E+02  9.16943E-01  1.81318E-27  6.47498E-11  0.00000E+00  1.0E-07
  1.470E+02  9.19335E-01  1.75926E-27  6.28245E-11  0.00000E+00  1.0E-07
  1.475E+02  9.21696E-01  1.70659E-27  6.09434E-11  0.00000E+00  1.0E-07
  1.480E+02  9.24024E-01  1.65513E-27  5.91058E-11  0.00000E+00  1.0E-07
  1.485E+02  9.26320E-01  1.60487E-27  5.73108E-11  0.00000E+00  1.0E-07
  1.490E+02  9.28584E-01  1.55578E-27  5.55577E-11  0.00000E+00  1.0E-07
  1.495E+02  9.30815E-01  1.50784E-27  5.38458E-11  0.00000E+00  1.0E-07
  1.500E+02  9.33013E-01  1.46103E-27  5.21744E-11  0.00000E+00  1.0E-07
  1.505E+02  9.35178E-01  1.41534E-27  5.05426E-11  0.00000E+00  1.0E-07
  1.510E+02  9.37310E-01  1.37074E-27  4.89499E-11  0.00000E+00  1.0E-07
  1.515E+02  9.39409E-01  1.32721E-27  4.73955E-11  0.00000E+00  1.0E-07
  1.520E+02  9.41474E-01  1.28474E-27  4.58789E-11  0.00000E+00  1.0E-07
  1.525E+02  9.43505E-01  1.24331E-27  4.43993E-11  0.00000E+00  1.0E-07
  1.530E+02  9.45503E-01  1.20290E-27  4.29563E-11  0.00000E+00  1.0E-07
  1.535E+02  9.47467E-01  1.16349E-27  4.15491E-11  0.00000E+00  1.0E-07
  1.540E+02  9.49397E-01  1.12508E-27  4.01772E-11  0.00000E+00  1.0E-07
  1.545E+02  9.51293E-01  1.08763E-27  3.88400E-11  0.00000E+00  1.0E-07
  1.550E+02  9.53154E-01  1.05115E-27  3.75371E-11  0.00000E+00  1.0E-07
  1.555E+02  9.54981E-01  1.01560E-27  3.62678E-11  0.00000E+00  1.0E-07
  1.560E+02  9.56773E-01  9.80986E-28  3.50316E-11  0.00000E+00  1.0E-07
  1.565E+02  9.58530E-01  9.47284E-28  3.38281E-11  0.00000E+00  1.0E-07
  1.570E+02  9.60252E-01  9.14483E-28  3.26568E-11  0.00000E+00  1.0E-07
  1.575E+02  9.61940E-01  8.82569E-28  3.15171E-11  0.00000E+00  1.0E-07
  1.580E+02  9.63592E-01  8.51530E-28  3.04087E-11  0.00000E+00  1.0E-07
  1.585E+02  9.65209E-01  8.21353E-28  2.93311E-11  0.00000E+00  1.0E-07
  1.590E+02  9.66790E-01  7.92026E-28  2.82838E-11  0.00000E+00  1.0E-07
  1.595E+02  9.68336E-01  7.63539E-28  2.72665E-11  0.00000E+00  1.0E-07
  1.600E+02  9.69846E-01  7.35878E-28  2.62787E-11  0.00000E+00  1.0E-07
  1.605E+02  9.71321E-01  7.09033E-28  2.53200E-11  0.00000E+00  1.0E-07
  1.610E+02  9.72759E-01  6.82994E-28  2.43902E-11  0.00000E+00  1.0E-07
  1.615E+02  9.74162E-01  6.57751E-28  2.34887E-11  0.00000E+00  1.0E-07
  1.620E+02  9.75528E-01  6.33293E-28  2.26153E-11  0.00000E+00  1.0E-07
  1.625E+02  9.76858E-01  6.09611E-28  2.17696E-11  0.00000E+00  1.0E-07
  1.630E+02  9.78152E-01  5.86696E-28  2.09513E-11  0.00000E+00  1.0E-07
  1.635E+02  9.79410E-01  5.64539E-28  2.01601E-11  0.00000E+00  1.0E-07
  1.640E+02  9.80631E-01  5.43131E-28  1.93956E-11  0.00000E+00  1.0E-07
  1.645E+02  9.81815E-01  5.22464E-28  1.86575E-11  0.00000E+00  1.0E-07
  1.650E+02  9.82963E-01  5.02530E-28  1.79457E-11  0.00000E+00  1.0E-07
  1.655E+02  9.84074E-01  4.83322E-28  1.72597E-11  0.00000E+00  1.0E-07
  1.660E+02  9.85148E-01  4.64831E-28  1.65994E-11  0.00000E+00  1.0E-07
  1.665E+02  9.86185E-01  4.47051E-28  1.59645E-11  0.00000E+00  1.0E-07
  1.670E+02  9.87185E-01  4.29975E-28  1.53547E-11  0.00000E+00  1.0E-07
  1.675E+02  9.88148E-01  4.13596E-28  1.47698E-11  0.00000E+00  1.0E-07
  1.680E+02  9.89074E-01  3.97908E-28  1.42096E-11  0.00000E+00  1.0E-07
  1.685E+02  9.89962E-01  3.82906E-28  1.36738E-11  0.00000E+00  1.0E-07
  1.690E+02  9.90814E-01  3.68583E-28  1.31623E-11  0.00000E+00  1.0E-07
  1.695E+02  9.91627E-01  3.54934E-28  1.26749E-11  0.00000E+00  1.0E-07
  1.700E+02  9.92404E-01  3.41953E-28  1.22114E-11  0.00000E+00  1.0E-07
  1.705E+02  9.93143E-01  3.29637E-28  1.17716E-11  0.00000E+00  1.0E-07
  1.710E+02  9.93844E-01  3.17980E-28  1.13553E-11  0.00000E+00  1.0E-07
  1.715E+02  9.94508E-01  3.06978E-28  1.09624E-11  0.00000E+00  1.0E-07
  1.720E+02  9.95134E-01  2.96626E-28  1.05927E-11  0.00000E+00  1.0E-07
  1.725E+02  9.95722E-01  2.86921E-28  1.02461E-11  0.00000E+00  1.0E-07
  1.730E+02  9.96273E-01  2.77859E-28  9.92252E-12  0.00000E+00  1.0E-07
  1.735E+02  9.96786E-01  2.69436E-28  9.62175E-12  0.00000E+00  1.0E-07
  1.740E+02  9.97261E-01  2.61651E-28  9.34372E-12  0.00000E+00  1.0E-07
  1.745E+02  9.97698E-01  2.54499E-28  9.08832E-12  0.00000E+00  1.0E-07
  1.750E+02  9.98097E-01  2.47977E-28  8.85542E-12  0.00000E+00  1.0E-07
  1.755E+02  9.98459E-01  2.42084E-28  8.64498E-12  0.00000E+00  1.0E-07
  1.760E+02  9.98782E-01  2.36817E-28  8.45689E-12  0.00000E+00  1.0E-07
  1.765E+02  9.99067E-01  2.32175E-28  8.29112E-12  0.00000E+00  1.0E-07
  1.770E+02  9.99315E-01  2.28155E-28  8.14757E-12  0.00000E+00  1.0E-07
  1.775E+02  9.99524E-01  2.24756E-28  8.02617E-12  0.00000E+00  1.0E-07
  1.780E+02  9.99695E-01  2.21976E-28  7.92692E-12  0.00000E+00  1.0E-07
  1.785E+02  9.99829E-01  2.19816E-28  7.84977E-12  0.00000E+00  1.4E-07
  1.790E+02  9.99924E-01  2.18273E-28  7.79467E-12  0.00000E+00  2.0E-07
  1.795E+02  9.99981E-01  2.17348E-28  7.76165E-12  0.00000E+00  2.8E-07
  1.800E+02  1.00000E+00  2.17043E-28  7.75076E-12  0.00000E+00  1.3E-06
